   0.0000000e+00   1.0096741e-25   1.9813423e-01
   1.0000000e-02   5.0986920e-04   3.1998892e-02
   2.0000000e-02   1.0394719e-03  -1.2869694e-01
   3.0000000e-02   1.5887932e-03  -1.1598719e-01
   4.0000000e-02   2.1578088e-03  -2.1621825e-02
   5.0000000e-02   2.7464840e-03   3.2398895e-02
   6.0000000e-02   3.3547748e-03   4.8869213e-02
   7.0000000e-02   3.9826270e-03  -3.0213170e-01
   8.0000000e-02   4.6299770e-03   2.5541134e-02
   9.0000000e-02   5.2967512e-03   4.1326865e-02
   1.0000000e-01   5.9828664e-03   9.0569777e-02
   1.1000000e-01   6.6882296e-03  -5.6543019e-02
   1.2000000e-01   7.4127382e-03  -1.7058832e-01
   1.3000000e-01   8.1562801e-03  -1.4158027e-01
   1.4000000e-01   8.9187336e-03   8.9767049e-02
   1.5000000e-01   9.6999672e-03   2.1277393e-01
   1.6000000e-01   1.0499840e-02  -9.8466538e-03
   1.7000000e-01   1.1318203e-02   3.4917730e-02
   1.8000000e-01   1.2154895e-02  -2.0316523e-01
   1.9000000e-01   1.3009748e-02   2.6596040e-01
   2.0000000e-01   1.3882583e-02  -2.1568114e-01
   2.1000000e-01   1.4773215e-02  -2.0105075e-01
   2.2000000e-01   1.5681445e-02  -9.8687365e-02
   2.3000000e-01   1.6607069e-02   6.2960792e-02
   2.4000000e-01   1.7549873e-02   1.5174901e-01
   2.5000000e-01   1.8509633e-02   7.8191362e-02
   2.6000000e-01   1.9486117e-02  -8.6467060e-02
   2.7000000e-01   2.0479084e-02   8.1223245e-02
   2.8000000e-01   2.1488286e-02   8.3873950e-02
   2.9000000e-01   2.2513464e-02   7.2782491e-02
   3.0000000e-01   2.3554353e-02  -3.6089493e-02
   3.1000000e-01   2.4610677e-02  -8.1677523e-02
   3.2000000e-01   2.5682154e-02   2.6777047e-01
   3.3000000e-01   2.6768494e-02   2.4488027e-01
   3.4000000e-01   2.7869397e-02   1.4315953e-01
   3.5000000e-01   2.8984556e-02  -3.2718725e-02
   3.6000000e-01   3.0113658e-02  -4.1262514e-02
   3.7000000e-01   3.1256381e-02   6.2669176e-02
   3.8000000e-01   3.2412394e-02   3.0925584e-01
   3.9000000e-01   3.3581361e-02   2.0201273e-01
   4.0000000e-01   3.4762937e-02  -1.4516778e-01
   4.1000000e-01   3.5956772e-02   2.0029004e-02
   4.2000000e-01   3.7162506e-02   6.5392113e-02
   4.3000000e-01   3.8379775e-02   2.0251699e-01
   4.4000000e-01   3.9608207e-02  -7.6055528e-02
   4.5000000e-01   4.0847424e-02  -1.4981251e-03
   4.6000000e-01   4.2097040e-02  -9.3934137e-02
   4.7000000e-01   4.3356664e-02   2.5208338e-02
   4.8000000e-01   4.4625899e-02   1.1207045e-01
   4.9000000e-01   4.5904343e-02  -9.3751909e-02
   5.0000000e-01   4.7191584e-02  -1.6228784e-02
   5.1000000e-01   4.8487210e-02   1.0820115e-01
   5.2000000e-01   4.9790799e-02   2.4748875e-01
   5.3000000e-01   5.1101927e-02   9.5328751e-02
   5.4000000e-01   5.2420162e-02   4.9564432e-02
   5.5000000e-01   5.3745068e-02  -2.8036225e-01
   5.6000000e-01   5.5076205e-02   1.5186496e-01
   5.7000000e-01   5.6413128e-02   2.0977942e-01
   5.8000000e-01   5.7755387e-02   2.0588125e-01
   5.9000000e-01   5.9102528e-02  -1.0482818e-01
   6.0000000e-01   6.0454092e-02  -9.6518509e-04
   6.1000000e-01   6.1809617e-02  -1.0757746e-01
   6.2000000e-01   6.3168637e-02   1.9844184e-01
   6.3000000e-01   6.4530683e-02   4.7741108e-02
   6.4000000e-01   6.5895281e-02  -8.8730596e-02
   6.5000000e-01   6.7261956e-02   2.0350623e-02
   6.6000000e-01   6.8630227e-02   2.4600223e-01
   6.7000000e-01   6.9999613e-02   2.1325022e-01
   6.8000000e-01   7.1369629e-02  -2.8046123e-02
   6.9000000e-01   7.2739787e-02  -8.3145292e-02
   7.0000000e-01   7.4109598e-02   9.5079501e-02
   7.1000000e-01   7.5478569e-02   1.0962343e-01
   7.2000000e-01   7.6846207e-02   3.6502421e-01
   7.3000000e-01   7.8212017e-02   9.5385514e-02
   7.4000000e-01   7.9575501e-02  -2.4250103e-02
   7.5000000e-01   8.0936162e-02   2.0631049e-01
   7.6000000e-01   8.2293499e-02   2.4827652e-01
   7.7000000e-01   8.3647013e-02   2.5212710e-01
   7.8000000e-01   8.4996202e-02   1.7258720e-01
   7.9000000e-01   8.6340565e-02  -4.4397870e-02
   8.0000000e-01   8.7679600e-02   3.2795135e-01
   8.1000000e-01   8.9012804e-02   3.1722283e-01
   8.2000000e-01   9.0339676e-02   8.1035529e-03
   8.3000000e-01   9.1659713e-02   1.7380134e-01
   8.4000000e-01   9.2972415e-02   2.1578928e-01
   8.5000000e-01   9.4277280e-02   2.2357436e-01
   8.6000000e-01   9.5573809e-02   2.4183728e-01
   8.7000000e-01   9.6861503e-02   9.5958706e-02
   8.8000000e-01   9.8139865e-02   3.4592609e-02
   8.9000000e-01   9.9408398e-02   2.6054591e-01
   9.0000000e-01   1.0066661e-01   2.8088137e-01
   9.1000000e-01   1.0191400e-01   6.7926610e-02
   9.2000000e-01   1.0315009e-01   2.4986510e-01
   9.3000000e-01   1.0437439e-01   6.1811576e-02
   9.4000000e-01   1.0558641e-01   5.4466392e-02
   9.5000000e-01   1.0678566e-01   2.7013900e-01
   9.6000000e-01   1.0797167e-01   1.5418877e-01
   9.7000000e-01   1.0914396e-01   4.6222473e-02
   9.8000000e-01   1.1030206e-01   1.7833323e-01
   9.9000000e-01   1.1144549e-01   2.3628055e-01
   1.0000000e+00   1.1257380e-01   1.9215484e-01
   1.0100000e+00   1.1368651e-01   2.7016193e-01
   1.0200000e+00   1.1478316e-01   9.9410891e-02
   1.0300000e+00   1.1586332e-01  -4.1090608e-03
   1.0400000e+00   1.1692651e-01   1.1537972e-01
   1.0500000e+00   1.1797230e-01   5.1191805e-01
   1.0600000e+00   1.1900025e-01   2.7588120e-02
   1.0700000e+00   1.2000992e-01   2.3624088e-02
   1.0800000e+00   1.2100087e-01   1.2065384e-01
   1.0900000e+00   1.2197270e-01   1.4225763e-01
   1.1000000e+00   1.2292497e-01   3.5627063e-01
   1.1100000e+00   1.2385726e-01  -4.1333805e-02
   1.1200000e+00   1.2476919e-01  -4.0086258e-02
   1.1300000e+00   1.2566033e-01   5.6811783e-02
   1.1400000e+00   1.2653030e-01   4.3955903e-02
   1.1500000e+00   1.2737871e-01   1.3327800e-01
   1.1600000e+00   1.2820516e-01   3.3613806e-02
   1.1700000e+00   1.2900930e-01  -3.9232732e-02
   1.1800000e+00   1.2979074e-01   9.3199000e-02
   1.1900000e+00   1.3054913e-01   1.3488740e-01
   1.2000000e+00   1.3128412e-01   1.1580314e-01
   1.2100000e+00   1.3199534e-01   1.2749919e-02
   1.2200000e+00   1.3268247e-01   1.2141421e-01
   1.2300000e+00   1.3334518e-01   2.6295134e-01
   1.2400000e+00   1.3398313e-01   2.6333089e-01
   1.2500000e+00   1.3459602e-01   3.1754943e-01
   1.2600000e+00   1.3518353e-01   1.5313688e-01
   1.2700000e+00   1.3574537e-01   1.1456158e-01
   1.2800000e+00   1.3628124e-01   8.1958568e-02
   1.2900000e+00   1.3679086e-01   5.9996501e-02
   1.3000000e+00   1.3727396e-01   1.3537323e-01
   1.3100000e+00   1.3773028e-01  -6.0201572e-02
   1.3200000e+00   1.3815956e-01  -1.3950741e-02
   1.3300000e+00   1.3856155e-01   2.6119771e-01
   1.3400000e+00   1.3893601e-01   2.5853768e-01
   1.3500000e+00   1.3928272e-01   2.3067692e-02
   1.3600000e+00   1.3960146e-01   1.7014442e-01
   1.3700000e+00   1.3989203e-01   1.9936505e-01
   1.3800000e+00   1.4015421e-01   2.4269756e-01
   1.3900000e+00   1.4038783e-01   1.5666593e-01
   1.4000000e+00   1.4059270e-01   1.5863974e-01
   1.4100000e+00   1.4076866e-01   5.9692664e-02
   1.4200000e+00   1.4091554e-01   2.6413326e-01
   1.4300000e+00   1.4103321e-01   1.8445023e-01
   1.4400000e+00   1.4112151e-01   1.0820123e-01
   1.4500000e+00   1.4118033e-01   1.2043143e-01
   1.4600000e+00   1.4120955e-01  -2.7882774e-02
   1.4700000e+00   1.4120906e-01  -3.4631900e-02
   1.4800000e+00   1.4117876e-01   1.7525148e-02
   1.4900000e+00   1.4111857e-01   5.6758289e-02
   1.5000000e+00   1.4102842e-01   3.1351863e-02
   1.5100000e+00   1.4090824e-01   1.1960112e-01
   1.5200000e+00   1.4075799e-01   3.1143426e-01
   1.5300000e+00   1.4057762e-01   1.9110966e-01
   1.5400000e+00   1.4036710e-01   1.2038475e-02
   1.5500000e+00   1.4012641e-01  -4.9406052e-02
   1.5600000e+00   1.3985555e-01   1.3300916e-01
   1.5700000e+00   1.3955453e-01   2.4502626e-01
   1.5800000e+00   1.3922335e-01   1.8896686e-01
   1.5900000e+00   1.3886204e-01   7.4475780e-02
   1.6000000e+00   1.3847065e-01   1.9043971e-02
   1.6100000e+00   1.3804922e-01   2.3684012e-01
   1.6200000e+00   1.3759781e-01   6.7224713e-02
   1.6300000e+00   1.3711650e-01   3.5391199e-01
   1.6400000e+00   1.3660537e-01  -6.4509530e-03
   1.6500000e+00   1.3606451e-01   2.1330828e-01
   1.6600000e+00   1.3549404e-01   2.0723394e-01
   1.6700000e+00   1.3489408e-01   1.9607674e-01
   1.6800000e+00   1.3426474e-01  -3.5409860e-02
   1.6900000e+00   1.3360619e-01  -5.2865292e-02
   1.7000000e+00   1.3291856e-01  -1.7616803e-02
   1.7100000e+00   1.3220203e-01   1.5119538e-01
   1.7200000e+00   1.3145677e-01   1.9000947e-01
   1.7300000e+00   1.3068297e-01   6.8529962e-02
   1.7400000e+00   1.2988084e-01  -2.3277544e-02
   1.7500000e+00   1.2905057e-01   7.6936487e-02
   1.7600000e+00   1.2819240e-01   2.5576615e-01
   1.7700000e+00   1.2730656e-01   1.7998992e-01
   1.7800000e+00   1.2639329e-01   4.0126812e-02
   1.7900000e+00   1.2545286e-01   7.6393813e-02
   1.8000000e+00   1.2448552e-01  -6.5971438e-02
   1.8100000e+00   1.2349156e-01   2.9878719e-01
   1.8200000e+00   1.2247128e-01   6.7460805e-02
   1.8300000e+00   1.2142497e-01   8.1734941e-02
   1.8400000e+00   1.2035294e-01   4.4733882e-02
   1.8500000e+00   1.1925552e-01   7.8850171e-02
   1.8600000e+00   1.1813305e-01   1.5030209e-01
   1.8700000e+00   1.1698587e-01   5.5713949e-04
   1.8800000e+00   1.1581433e-01   1.8220292e-01
   1.8900000e+00   1.1461881e-01   2.1733105e-02
   1.9000000e+00   1.1339969e-01   2.7915758e-01
   1.9100000e+00   1.1215734e-01   1.5639056e-01
   1.9200000e+00   1.1089218e-01   1.2794231e-01
   1.9300000e+00   1.0960461e-01   7.5238067e-02
   1.9400000e+00   1.0829505e-01   2.7847027e-02
   1.9500000e+00   1.0696393e-01   1.9484997e-01
   1.9600000e+00   1.0561169e-01   1.4933104e-01
   1.9700000e+00   1.0423878e-01   7.2720440e-02
   1.9800000e+00   1.0284566e-01   5.0618425e-02
   1.9900000e+00   1.0143280e-01   1.2157747e-01
   2.0000000e+00   1.0000068e-01   2.8428522e-01
   2.0100000e+00   9.8549793e-02   2.0915191e-01
   2.0200000e+00   9.7080630e-02   1.4339084e-01
   2.0300000e+00   9.5593702e-02   9.0081244e-02
   2.0400000e+00   9.4089524e-02   1.5425670e-01
   2.0500000e+00   9.2568621e-02   1.3650225e-01
   2.0600000e+00   9.1031529e-02  -2.0741698e-03
   2.0700000e+00   8.9478789e-02  -2.4290987e-02
   2.0800000e+00   8.7910954e-02  -1.8414179e-02
   2.0900000e+00   8.6328583e-02   6.1113088e-02
   2.1000000e+00   8.4732244e-02   2.7533676e-01
   2.1100000e+00   8.3122513e-02   1.9860236e-01
   2.1200000e+00   8.1499973e-02  -1.3660975e-01
   2.1300000e+00   7.9865217e-02   2.1448023e-01
   2.1400000e+00   7.8218844e-02   1.3147223e-01
   2.1500000e+00   7.6561460e-02   6.4167646e-03
   2.1600000e+00   7.4893678e-02  -7.1099872e-02
   2.1700000e+00   7.3216120e-02   3.1359555e-03
   2.1800000e+00   7.1529414e-02   7.3109798e-02
   2.1900000e+00   6.9834193e-02   6.8802696e-02
   2.2000000e+00   6.8131098e-02   1.8730807e-01
   2.2100000e+00   6.6420776e-02   1.4461946e-01
   2.2200000e+00   6.4703882e-02  -1.2026920e-01
   2.2300000e+00   6.2981072e-02  -9.1343675e-02
   2.2400000e+00   6.1253013e-02   2.0046582e-02
   2.2500000e+00   5.9520375e-02   6.0437832e-02
   2.2600000e+00   5.7783833e-02  -1.9794116e-02
   2.2700000e+00   5.6044068e-02  -2.0229114e-02
   2.2800000e+00   5.4301765e-02   2.5815339e-02
   2.2900000e+00   5.2557616e-02   1.8202961e-01
   2.3000000e+00   5.0812314e-02   1.9922658e-03
   2.3100000e+00   4.9066559e-02   4.3589547e-02
   2.3200000e+00   4.7321054e-02  -3.4563033e-02
   2.3300000e+00   4.5576507e-02  -9.3317397e-03
   2.3400000e+00   4.3833626e-02   1.6930371e-01
   2.3500000e+00   4.2093128e-02   4.9054801e-02
   2.3600000e+00   4.0355728e-02  -6.3389719e-02
   2.3700000e+00   3.8622147e-02   1.3243346e-01
   2.3800000e+00   3.6893108e-02   8.7984331e-02
   2.3900000e+00   3.5169336e-02   1.3463315e-01
   2.4000000e+00   3.3451559e-02  -1.6837192e-01
   2.4100000e+00   3.1740507e-02  -7.7018253e-02
   2.4200000e+00   3.0036910e-02   1.5325699e-01
   2.4300000e+00   2.8341504e-02   1.7093171e-01
   2.4400000e+00   2.6655020e-02  -4.2929072e-03
   2.4500000e+00   2.4978197e-02  -1.7508266e-02
   2.4600000e+00   2.3311769e-02  -1.0564809e-01
   2.4700000e+00   2.1656474e-02   1.2268907e-01
   2.4800000e+00   2.0013049e-02  -5.7918682e-02
   2.4900000e+00   1.8382233e-02  -4.5022467e-02
   2.5000000e+00   1.6764762e-02  -1.0083737e-01
   2.5100000e+00   1.5161374e-02   4.5701987e-02
   2.5200000e+00   1.3572807e-02   1.6409670e-01
   2.5300000e+00   1.1999795e-02  -8.1080327e-02
   2.5400000e+00   1.0443073e-02   1.4859661e-01
   2.5500000e+00   8.9033758e-03  -3.4456818e-02
   2.5600000e+00   7.3814350e-03   3.7530831e-02
   2.5700000e+00   5.8779808e-03   1.0708009e-01
   2.5800000e+00   4.3937417e-03   2.3895857e-01
   2.5900000e+00   2.9294436e-03  -2.0180597e-01
   2.6000000e+00   1.4858102e-03  -1.5082679e-01
   2.6100000e+00   6.3562363e-05  -1.1731998e-01
   2.6200000e+00  -1.3365821e-03   1.5598997e-01
   2.6300000e+00  -2.7139087e-03  -1.1911433e-01
   2.6400000e+00  -4.0677060e-03  -9.2544214e-02
   2.6500000e+00  -5.3972668e-03  -8.5317027e-02
   2.6600000e+00  -6.7018875e-03   4.9835420e-02
   2.6700000e+00  -7.9808687e-03   1.4904349e-01
   2.6800000e+00  -9.2335157e-03  -2.4506153e-02
   2.6900000e+00  -1.0459138e-02  -1.0260190e-01
   2.7000000e+00  -1.1657051e-02  -3.1353760e-02
   2.7100000e+00  -1.2826574e-02   6.6530377e-02
   2.7200000e+00  -1.3967032e-02   1.5581974e-01
   2.7300000e+00  -1.5077756e-02  -1.1662137e-01
   2.7400000e+00  -1.6158084e-02  -4.2329831e-02
   2.7500000e+00  -1.7207357e-02  -2.1861536e-02
   2.7600000e+00  -1.8224925e-02  -1.4432129e-02
   2.7700000e+00  -1.9210144e-02   2.6456503e-02
   2.7800000e+00  -2.0162376e-02  -7.2575995e-02
   2.7900000e+00  -2.1080991e-02   9.9564362e-02
   2.8000000e+00  -2.1965365e-02   4.2766168e-03
   2.8100000e+00  -2.2814883e-02   1.8630530e-01
   2.8200000e+00  -2.3628936e-02  -4.9923483e-02
   2.8300000e+00  -2.4406925e-02  -1.2499400e-01
   2.8400000e+00  -2.5148258e-02  -3.4627866e-02
   2.8500000e+00  -2.5852351e-02   8.8282044e-02
   2.8600000e+00  -2.6518628e-02   1.0811337e-01
   2.8700000e+00  -2.7146524e-02   3.3601722e-02
   2.8800000e+00  -2.7735480e-02  -1.2650023e-01
   2.8900000e+00  -2.8284950e-02   4.5675166e-02
   2.9000000e+00  -2.8794395e-02  -1.0303765e-01
   2.9100000e+00  -2.9263285e-02   4.3348694e-04
   2.9200000e+00  -2.9691101e-02  -9.6499622e-02
   2.9300000e+00  -3.0077333e-02  -2.0382316e-01
   2.9400000e+00  -3.0421484e-02   3.8572898e-02
   2.9500000e+00  -3.0723064e-02   4.8093441e-02
   2.9600000e+00  -3.0981596e-02   1.0339729e-01
   2.9700000e+00  -3.1196612e-02   2.0988432e-03
   2.9800000e+00  -3.1367656e-02  -1.2581645e-01
   2.9900000e+00  -3.1494283e-02   1.7983659e-02
   3.0000000e+00  -3.1576060e-02   2.6275321e-01
   3.0100000e+00  -3.1612565e-02   3.2374504e-02
   3.0200000e+00  -3.1603386e-02  -1.0704895e-01
   3.0300000e+00  -3.1548126e-02  -2.4806218e-01
   3.0400000e+00  -3.1446397e-02  -1.5129082e-01
   3.0500000e+00  -3.1297827e-02   1.9861007e-01
   3.0600000e+00  -3.1102053e-02  -2.1726899e-01
   3.0700000e+00  -3.0858725e-02  -1.8683697e-01
   3.0800000e+00  -3.0567507e-02  -1.8865851e-01
   3.0900000e+00  -3.0228075e-02  -1.8881285e-02
   3.1000000e+00  -2.9840118e-02  -1.6695348e-01
   3.1100000e+00  -2.9403339e-02  -1.1184641e-01
   3.1200000e+00  -2.8917453e-02  -6.6669755e-02
   3.1300000e+00  -2.8382189e-02  -2.8773672e-01
   3.1400000e+00  -2.7797290e-02   1.7323654e-01
   3.1500000e+00  -2.7162511e-02  -5.0730381e-02
   3.1600000e+00  -2.6477624e-02  -1.2728537e-01
   3.1700000e+00  -2.5742411e-02  -1.3003061e-01
   3.1800000e+00  -2.4956671e-02   7.0704415e-02
   3.1900000e+00  -2.4120216e-02  -1.1176370e-01
   3.2000000e+00  -2.3232873e-02  -9.0727329e-02
   3.2100000e+00  -2.2294481e-02  -1.3845039e-01
   3.2200000e+00  -2.1304896e-02  -2.0781876e-01
   3.2300000e+00  -2.0263989e-02  -4.9549639e-02
   3.2400000e+00  -1.9171643e-02   1.8339324e-01
   3.2500000e+00  -1.8027758e-02  -1.0754477e-02
   3.2600000e+00  -1.6832248e-02  -3.4953702e-01
   3.2700000e+00  -1.5585041e-02  -3.1721750e-02
   3.2800000e+00  -1.4286082e-02   1.9850972e-01
   3.2900000e+00  -1.2935330e-02   6.6384546e-02
   3.3000000e+00  -1.1532759e-02   7.3846472e-02
   3.3100000e+00  -1.0078358e-02  -1.1201906e-01
   3.3200000e+00  -8.5721313e-03   4.9688021e-02
   3.3300000e+00  -7.0140995e-03   2.6220855e-01
   3.3400000e+00  -5.4042977e-03   1.0422688e-01
   3.3500000e+00  -3.7427764e-03   2.0712559e-01
   3.3600000e+00  -2.0296017e-03  -2.3135962e-01
   3.3700000e+00  -2.6485512e-04  -1.1740362e-01
   3.3800000e+00   1.5513663e-03   1.5402919e-01
   3.3900000e+00   3.4189499e-03   9.9179878e-02
   3.4000000e+00   5.3377676e-03  -4.1216296e-02
   3.4100000e+00   7.3076757e-03   7.1261980e-03
   3.4200000e+00   9.3285151e-03   5.1298966e-02
   3.4300000e+00   1.1400111e-02   1.4717379e-01
   3.4400000e+00   1.3522272e-02  -4.1096097e-02
   3.4500000e+00   1.5694794e-02   9.6695812e-03
   3.4600000e+00   1.7917453e-02  -1.6190516e-04
   3.4700000e+00   2.0190014e-02   8.6165654e-02
   3.4800000e+00   2.2512223e-02   8.6198359e-02
   3.4900000e+00   2.4883813e-02  -2.9025674e-02
   3.5000000e+00   2.7304499e-02  -1.0465936e-01
   3.5100000e+00   2.9773982e-02  -1.3927758e-02
   3.5200000e+00   3.2291948e-02   1.0780677e-03
   3.5300000e+00   3.4858067e-02   1.9934614e-02
   3.5400000e+00   3.7471993e-02  -1.4333055e-04
   3.5500000e+00   4.0133365e-02  -1.8101738e-01
   3.5600000e+00   4.2841809e-02   1.9050532e-01
   3.5700000e+00   4.5596932e-02   3.5803666e-02
   3.5800000e+00   4.8398329e-02   1.9430713e-02
   3.5900000e+00   5.1245578e-02   5.7826493e-02
   3.6000000e+00   5.4138244e-02   6.3316301e-02
   3.6100000e+00   5.7075875e-02   1.1290656e-01
   3.6200000e+00   6.0058005e-02   2.7871942e-02
   3.6300000e+00   6.3084154e-02   6.5921359e-02
   3.6400000e+00   6.6153826e-02   4.8402503e-02
   3.6500000e+00   6.9266512e-02   1.9046363e-02
   3.6600000e+00   7.2421688e-02  -6.7316840e-03
   3.6700000e+00   7.5618815e-02   1.5096377e-01
   3.6800000e+00   7.8857341e-02   6.1103504e-02
   3.6900000e+00   8.2136699e-02   4.4887529e-02
   3.7000000e+00   8.5456308e-02  -1.0072534e-01
   3.7100000e+00   8.8815574e-02   2.3038812e-01
   3.7200000e+00   9.2213888e-02   1.1954564e-01
   3.7300000e+00   9.5650629e-02   8.3426880e-02
   3.7400000e+00   9.9125162e-02  -1.8176672e-02
   3.7500000e+00   1.0263684e-01   1.0897984e-01
   3.7600000e+00   1.0618499e-01   2.6843237e-01
   3.7700000e+00   1.0976896e-01   1.6351757e-01
   3.7800000e+00   1.1338804e-01   3.5043809e-01
   3.7900000e+00   1.1704154e-01   1.4108647e-01
   3.8000000e+00   1.2072875e-01   1.8975309e-01
   3.8100000e+00   1.2444894e-01   1.6990778e-01
   3.8200000e+00   1.2820138e-01   1.4233443e-01
   3.8300000e+00   1.3198531e-01   5.1509633e-02
   3.8400000e+00   1.3579998e-01   3.9603718e-03
   3.8500000e+00   1.3964460e-01   1.5761965e-01
   3.8600000e+00   1.4351841e-01   2.7810164e-01
   3.8700000e+00   1.4742060e-01   8.2417014e-02
   3.8800000e+00   1.5135037e-01   2.5808390e-01
   3.8900000e+00   1.5530690e-01   7.9251002e-02
   3.9000000e+00   1.5928936e-01   1.5027122e-01
   3.9100000e+00   1.6329691e-01   2.4920681e-01
   3.9200000e+00   1.6732872e-01   1.7601121e-02
   3.9300000e+00   1.7138391e-01   4.1288903e-02
   3.9400000e+00   1.7546162e-01   9.1300766e-02
   3.9500000e+00   1.7956098e-01   3.2489619e-01
   3.9600000e+00   1.8368109e-01   2.7475225e-01
   3.9700000e+00   1.8782106e-01  -8.6641135e-02
   3.9800000e+00   1.9197999e-01   1.4740334e-01
   3.9900000e+00   1.9615697e-01   1.2553315e-01
   4.0000000e+00   2.0035107e-01   1.9415077e-01
   4.0100000e+00   2.0456135e-01   1.1308546e-01
   4.0200000e+00   2.0878690e-01   2.7935694e-02
   4.0300000e+00   2.1302675e-01   2.9956177e-01
   4.0400000e+00   2.1727996e-01   1.1652863e-01
   4.0500000e+00   2.2154557e-01   2.2604277e-01
   4.0600000e+00   2.2582261e-01   5.3269967e-02
   4.0700000e+00   2.3011011e-01   1.6157105e-02
   4.0800000e+00   2.3440709e-01   1.7661466e-01
   4.0900000e+00   2.3871257e-01   3.1211808e-01
   4.1000000e+00   2.4302554e-01   3.7451317e-01
   4.1100000e+00   2.4734502e-01   1.8424431e-01
   4.1200000e+00   2.5167001e-01   4.8208756e-02
   4.1300000e+00   2.5599950e-01   3.5345876e-01
   4.1400000e+00   2.6033247e-01   2.8797177e-01
   4.1500000e+00   2.6466791e-01   2.6216173e-01
   4.1600000e+00   2.6900480e-01   1.5263038e-01
   4.1700000e+00   2.7334213e-01   9.1993455e-02
   4.1800000e+00   2.7767885e-01   4.0024033e-01
   4.1900000e+00   2.8201394e-01   4.7846978e-01
   4.2000000e+00   2.8634636e-01   4.8966948e-01
   4.2100000e+00   2.9067509e-01   3.0973223e-01
   4.2200000e+00   2.9499907e-01   1.5864205e-01
   4.2300000e+00   2.9931728e-01   2.1687435e-01
   4.2400000e+00   3.0362867e-01   3.6022458e-01
   4.2500000e+00   3.0793219e-01   2.2171960e-01
   4.2600000e+00   3.1222680e-01   7.2741979e-02
   4.2700000e+00   3.1651145e-01   3.5308917e-01
   4.2800000e+00   3.2078510e-01   3.9032883e-01
   4.2900000e+00   3.2504670e-01   5.1962451e-01
   4.3000000e+00   3.2929521e-01   3.3964455e-01
   4.3100000e+00   3.3352957e-01   1.8194805e-01
   4.3200000e+00   3.3774875e-01   2.2662622e-01
   4.3300000e+00   3.4195169e-01   4.6263083e-01
   4.3400000e+00   3.4613736e-01   3.2877559e-01
   4.3500000e+00   3.5030470e-01   4.3083878e-01
   4.3600000e+00   3.5445269e-01   2.5422573e-01
   4.3700000e+00   3.5858029e-01   3.4415679e-01
   4.3800000e+00   3.6268645e-01   5.1195595e-01
   4.3900000e+00   3.6677015e-01   3.3190616e-01
   4.4000000e+00   3.7083036e-01   1.3077134e-01
   4.4100000e+00   3.7486605e-01   3.5278044e-01
   4.4200000e+00   3.7887620e-01   4.3510196e-01
   4.4300000e+00   3.8285979e-01   3.2821502e-01
   4.4400000e+00   3.8681580e-01   4.3960023e-01
   4.4500000e+00   3.9074323e-01   3.3739708e-01
   4.4600000e+00   3.9464108e-01   2.7629862e-01
   4.4700000e+00   3.9850834e-01   4.8773983e-01
   4.4800000e+00   4.0234402e-01   4.9097138e-01
   4.4900000e+00   4.0614713e-01   4.4163449e-01
   4.5000000e+00   4.0991669e-01   2.6681663e-01
   4.5100000e+00   4.1365174e-01   2.7604460e-01
   4.5200000e+00   4.1735129e-01   4.5427111e-01
   4.5300000e+00   4.2101438e-01   3.8489393e-01
   4.5400000e+00   4.2464008e-01   4.7463359e-01
   4.5500000e+00   4.2822742e-01   3.2340229e-01
   4.5600000e+00   4.3177547e-01   5.2745912e-01
   4.5700000e+00   4.3528330e-01   4.4599865e-01
   4.5800000e+00   4.3874998e-01   4.1441924e-01
   4.5900000e+00   4.4217462e-01   1.2451166e-01
   4.6000000e+00   4.4555630e-01   4.5241249e-01
   4.6100000e+00   4.4889413e-01   3.1116308e-01
   4.6200000e+00   4.5218722e-01   4.8784468e-01
   4.6300000e+00   4.5543470e-01   6.8524656e-01
   4.6400000e+00   4.5863572e-01   4.2501327e-01
   4.6500000e+00   4.6178940e-01   4.9100079e-01
   4.6600000e+00   4.6489492e-01   6.2368811e-01
   4.6700000e+00   4.6795144e-01   5.9896836e-01
   4.6800000e+00   4.7095814e-01   6.0608491e-01
   4.6900000e+00   4.7391422e-01   2.5816724e-01
   4.7000000e+00   4.7681887e-01   7.3554839e-01
   4.7100000e+00   4.7967131e-01   6.3328646e-01
   4.7200000e+00   4.8247077e-01   4.9697647e-01
   4.7300000e+00   4.8521650e-01   4.3865936e-01
   4.7400000e+00   4.8790774e-01   5.1673162e-01
   4.7500000e+00   4.9054376e-01   5.4562427e-01
   4.7600000e+00   4.9312385e-01   6.9310913e-01
   4.7700000e+00   4.9564729e-01   5.4539524e-01
   4.7800000e+00   4.9811341e-01   2.9305777e-01
   4.7900000e+00   5.0052151e-01   5.9192189e-01
   4.8000000e+00   5.0287094e-01   5.5680064e-01
   4.8100000e+00   5.0516104e-01   5.8899918e-01
   4.8200000e+00   5.0739119e-01   4.6272312e-01
   4.8300000e+00   5.0956077e-01   5.3891661e-01
   4.8400000e+00   5.1166917e-01   5.1979887e-01
   4.8500000e+00   5.1371580e-01   5.7298053e-01
   4.8600000e+00   5.1570011e-01   7.1415563e-01
   4.8700000e+00   5.1762151e-01   4.0123035e-01
   4.8800000e+00   5.1947949e-01   4.4160989e-01
   4.8900000e+00   5.2127352e-01   5.2212040e-01
   4.9000000e+00   5.2300308e-01   5.3033707e-01
   4.9100000e+00   5.2466770e-01   6.9375443e-01
   4.9200000e+00   5.2626689e-01   5.8039042e-01
   4.9300000e+00   5.2780021e-01   3.4155535e-01
   4.9400000e+00   5.2926721e-01   5.6609355e-01
   4.9500000e+00   5.3066747e-01   5.8129854e-01
   4.9600000e+00   5.3200060e-01   4.7873071e-01
   4.9700000e+00   5.3326620e-01   4.9740774e-01
   4.9800000e+00   5.3446391e-01   4.1599199e-01
   4.9900000e+00   5.3559337e-01   4.4159720e-01
   5.0000000e+00   5.3665427e-01   5.2935456e-01
   5.0100000e+00   5.3764629e-01   5.6622426e-01
   5.0200000e+00   5.3856912e-01   4.4125640e-01
   5.0300000e+00   5.3942251e-01   5.0750493e-01
   5.0400000e+00   5.4020619e-01   4.3599735e-01
   5.0500000e+00   5.4091993e-01   6.6759689e-01
   5.0600000e+00   5.4156351e-01   6.0069418e-01
   5.0700000e+00   5.4213673e-01   4.5862349e-01
   5.0800000e+00   5.4263941e-01   6.0394373e-01
   5.0900000e+00   5.4307139e-01   6.2027992e-01
   5.1000000e+00   5.4343254e-01   5.1620986e-01
   5.1100000e+00   5.4372273e-01   5.9859878e-01
   5.1200000e+00   5.4394186e-01   3.7686617e-01
   5.1300000e+00   5.4408986e-01   6.2849258e-01
   5.1400000e+00   5.4416665e-01   7.0508398e-01
   5.1500000e+00   5.4417221e-01   4.4717003e-01
   5.1600000e+00   5.4410651e-01   3.6439224e-01
   5.1700000e+00   5.4396955e-01   2.6251190e-01
   5.1800000e+00   5.4376135e-01   5.9189485e-01
   5.1900000e+00   5.4348195e-01   6.2133644e-01
   5.2000000e+00   5.4313141e-01   5.3769730e-01
   5.2100000e+00   5.4270982e-01   4.3848830e-01
   5.2200000e+00   5.4221727e-01   4.0309510e-01
   5.2300000e+00   5.4165389e-01   5.9950385e-01
   5.2400000e+00   5.4101982e-01   6.2538817e-01
   5.2500000e+00   5.4031522e-01   4.5472542e-01
   5.2600000e+00   5.3954027e-01   5.1024130e-01
   5.2700000e+00   5.3869518e-01   5.8231697e-01
   5.2800000e+00   5.3778018e-01   6.0117890e-01
   5.2900000e+00   5.3679550e-01   6.0758767e-01
   5.3000000e+00   5.3574142e-01   3.7527225e-01
   5.3100000e+00   5.3461822e-01   5.2051039e-01
   5.3200000e+00   5.3342621e-01   5.1353878e-01
   5.3300000e+00   5.3216571e-01   4.8425460e-01
   5.3400000e+00   5.3083707e-01   6.0338004e-01
   5.3500000e+00   5.2944065e-01   5.1944448e-01
   5.3600000e+00   5.2797686e-01   4.8625955e-01
   5.3700000e+00   5.2644609e-01   6.1547544e-01
   5.3800000e+00   5.2484877e-01   8.3612644e-01
   5.3900000e+00   5.2318536e-01   5.4120519e-01
   5.4000000e+00   5.2145632e-01   4.8222708e-01
   5.4100000e+00   5.1966214e-01   2.4485804e-01
   5.4200000e+00   5.1780333e-01   6.3228991e-01
   5.4300000e+00   5.1588042e-01   6.2464894e-01
   5.4400000e+00   5.1389395e-01   5.4605623e-01
   5.4500000e+00   5.1184450e-01   3.8946334e-01
   5.4600000e+00   5.0973266e-01   3.1839241e-01
   5.4700000e+00   5.0755902e-01   5.9745226e-01
   5.4800000e+00   5.0532422e-01   6.9025767e-01
   5.4900000e+00   5.0302891e-01   2.9821126e-01
   5.5000000e+00   5.0067375e-01   4.0911114e-01
   5.5100000e+00   4.9825942e-01   4.9286671e-01
   5.5200000e+00   4.9578663e-01   4.5130615e-01
   5.5300000e+00   4.9325610e-01   4.6018588e-01
   5.5400000e+00   4.9066856e-01   2.3547889e-01
   5.5500000e+00   4.8802479e-01   4.5560701e-01
   5.5600000e+00   4.8532556e-01   3.5856564e-01
   5.5700000e+00   4.8257165e-01   6.7227523e-01
   5.5800000e+00   4.7976389e-01   4.0278391e-01
   5.5900000e+00   4.7690311e-01   4.9816605e-01
   5.6000000e+00   4.7399016e-01   5.0650482e-01
   5.6100000e+00   4.7102590e-01   4.6208102e-01
   5.6200000e+00   4.6801121e-01   6.1851911e-01
   5.6300000e+00   4.6494701e-01   5.7359444e-01
   5.6400000e+00   4.6183419e-01   3.5565052e-01
   5.6500000e+00   4.5867371e-01   3.2217645e-01
   5.6600000e+00   4.5546651e-01   4.4407092e-01
   5.6700000e+00   4.5221356e-01   4.6095406e-01
   5.6800000e+00   4.4891583e-01   5.1507010e-01
   5.6900000e+00   4.4557434e-01   4.3858063e-01
   5.7000000e+00   4.4219009e-01   4.7538191e-01
   5.7100000e+00   4.3876412e-01   4.6996156e-01
   5.7200000e+00   4.3529746e-01   4.8175465e-01
   5.7300000e+00   4.3179119e-01   3.0434600e-01
   5.7400000e+00   4.2824637e-01   2.7400955e-01
   5.7500000e+00   4.2466409e-01   4.5535269e-01
   5.7600000e+00   4.2104547e-01   6.0350569e-01
   5.7700000e+00   4.1739160e-01   4.7362910e-01
   5.7800000e+00   4.1370363e-01   2.3181358e-01
   5.7900000e+00   4.0998269e-01   3.8490033e-01
   5.8000000e+00   4.0622996e-01   4.9237333e-01
   5.8100000e+00   4.0244659e-01   5.2053532e-01
   5.8200000e+00   3.9863376e-01   5.4930759e-01
   5.8300000e+00   3.9479268e-01   2.3046101e-01
   5.8400000e+00   3.9092455e-01   3.1285702e-01
   5.8500000e+00   3.8703059e-01   3.6703739e-01
   5.8600000e+00   3.8311202e-01   5.7979002e-01
   5.8700000e+00   3.7917009e-01   3.9329634e-01
   5.8800000e+00   3.7520605e-01   3.3176601e-01
   5.8900000e+00   3.7122116e-01   4.0926862e-01
   5.9000000e+00   3.6721670e-01   5.8645247e-01
   5.9100000e+00   3.6319394e-01   5.5838193e-01
   5.9200000e+00   3.5915418e-01   5.2523604e-01
   5.9300000e+00   3.5509872e-01   3.0482253e-01
   5.9400000e+00   3.5102886e-01   4.8245431e-01
   5.9500000e+00   3.4694593e-01   3.5011910e-01
   5.9600000e+00   3.4285125e-01   4.3227689e-01
   5.9700000e+00   3.3874616e-01   2.8895180e-01
   5.9800000e+00   3.3463200e-01   2.3783066e-01
   5.9900000e+00   3.3051011e-01   3.8245628e-01
   6.0000000e+00   3.2638185e-01   3.8328747e-01
   6.0100000e+00   3.2224859e-01   3.0235134e-01
   6.0200000e+00   3.1811169e-01   3.8126946e-01
   6.0300000e+00   3.1397254e-01   2.1601764e-01
   6.0400000e+00   3.0983249e-01   3.9947614e-01
   6.0500000e+00   3.0569296e-01   4.3541314e-01
   6.0600000e+00   3.0155531e-01   3.6097919e-01
   6.0700000e+00   2.9742095e-01   1.8989039e-01
   6.0800000e+00   2.9329128e-01   4.3314175e-01
   6.0900000e+00   2.8916769e-01   1.6834285e-01
   6.1000000e+00   2.8505160e-01   1.9356414e-01
   6.1100000e+00   2.8094441e-01   1.2809188e-01
   6.1200000e+00   2.7684753e-01   2.0809754e-01
   6.1300000e+00   2.7276238e-01   4.5027126e-01
   6.1400000e+00   2.6869036e-01   2.6367772e-01
   6.1500000e+00   2.6463291e-01   4.4037176e-01
   6.1600000e+00   2.6059143e-01   1.8952203e-01
   6.1700000e+00   2.5656734e-01   3.2482624e-01
   6.1800000e+00   2.5256207e-01   2.5564864e-01
   6.1900000e+00   2.4857703e-01   4.0890197e-01
   6.2000000e+00   2.4461364e-01   1.6652223e-01
   6.2100000e+00   2.4067332e-01   6.8757899e-02
   6.2200000e+00   2.3675749e-01   1.4525466e-01
   6.2300000e+00   2.3286756e-01   2.6578294e-01
   6.2400000e+00   2.2900494e-01   3.0650346e-01
   6.2500000e+00   2.2517105e-01   8.3584192e-02
   6.2600000e+00   2.2136729e-01   8.0313078e-02
   6.2700000e+00   2.1759508e-01   1.2981548e-01
   6.2800000e+00   2.1385581e-01   1.9763169e-01
   6.2900000e+00   2.1015088e-01   3.0029297e-01
   6.3000000e+00   2.0648169e-01   2.5753321e-01
   6.3100000e+00   2.0284963e-01   1.4232688e-01
   6.3200000e+00   1.9925608e-01   1.4525960e-01
   6.3300000e+00   1.9570243e-01   3.8108229e-01
   6.3400000e+00   1.9219005e-01   1.4936343e-01
   6.3500000e+00   1.8872030e-01   1.5526294e-01
   6.3600000e+00   1.8529455e-01   2.6737247e-01
   6.3700000e+00   1.8191416e-01   1.5340067e-01
   6.3800000e+00   1.7858047e-01   1.7587039e-01
   6.3900000e+00   1.7529483e-01   2.7132851e-01
   6.4000000e+00   1.7205857e-01   7.2066745e-02
   6.4100000e+00   1.6887301e-01   1.4108450e-01
   6.4200000e+00   1.6573947e-01   3.5669271e-01
   6.4300000e+00   1.6265926e-01   3.9856892e-01
   6.4400000e+00   1.5963368e-01   2.0017145e-01
   6.4500000e+00   1.5666402e-01   2.6106776e-02
   6.4600000e+00   1.5375155e-01   1.7013248e-01
   6.4700000e+00   1.5089754e-01   2.6094878e-01
   6.4800000e+00   1.4810326e-01   1.3924194e-01
   6.4900000e+00   1.4536995e-01   8.7662858e-02
   6.5000000e+00   1.4269885e-01  -8.4398651e-03
   6.5100000e+00   1.4009117e-01   2.4978438e-01
   6.5200000e+00   1.3754813e-01   2.5667978e-01
   6.5300000e+00   1.3507094e-01   1.9357298e-01
   6.5400000e+00   1.3266077e-01  -8.1545639e-02
   6.5500000e+00   1.3031881e-01   5.8194668e-02
   6.5600000e+00   1.2804620e-01   3.7255215e-01
   6.5700000e+00   1.2584411e-01   1.5659694e-01
   6.5800000e+00   1.2371366e-01   1.7797410e-01
   6.5900000e+00   1.2165596e-01   8.3341372e-02
   6.6000000e+00   1.1967213e-01  -1.0778656e-01
   6.6100000e+00   1.1776325e-01  -6.6522123e-02
   6.6200000e+00   1.1593039e-01   3.7862339e-01
   6.6300000e+00   1.1417461e-01   2.8423876e-01
   6.6400000e+00   1.1249696e-01  -6.4071713e-03
   6.6500000e+00   1.1089846e-01   1.1127799e-01
   6.6600000e+00   1.0938011e-01   2.0000049e-01
   6.6700000e+00   1.0794291e-01   9.8276625e-02
   6.6800000e+00   1.0658784e-01   2.8009187e-01
   6.6900000e+00   1.0531585e-01  -2.1298456e-01
   6.7000000e+00   1.0412787e-01  -2.7579647e-02
   6.7100000e+00   1.0302484e-01   9.0437296e-02
   6.7200000e+00   1.0200766e-01   3.3212067e-01
   6.7300000e+00   1.0107721e-01   7.4104252e-02
   6.7400000e+00   1.0023435e-01   1.5628064e-01
   6.7500000e+00   9.9479937e-02   3.7094156e-02
   6.7600000e+00   9.8814796e-02   3.0378145e-01
   6.7700000e+00   9.8239734e-02   9.5981042e-02
   6.7800000e+00   9.7755541e-02   1.5870098e-02
   6.7900000e+00   9.7362984e-02   9.2139759e-02
   6.8000000e+00   9.7062812e-02   1.5261915e-01
   6.8100000e+00   9.6855752e-02   4.4259338e-01
   6.8200000e+00   9.6742510e-02  -1.8618186e-02
   6.8300000e+00   9.6723774e-02   7.1505798e-02
   6.8400000e+00   9.6800206e-02  -1.2095172e-01
   6.8500000e+00   9.6972451e-02   1.5155286e-01
   6.8600000e+00   9.7241130e-02   1.4446924e-01
   6.8700000e+00   9.7606843e-02   2.8184689e-02
   6.8800000e+00   9.8070168e-02  -3.2118034e-02
   6.8900000e+00   9.8631660e-02   1.1865605e-01
   6.9000000e+00   9.9291853e-02   2.1902088e-01
   6.9100000e+00   1.0005126e-01   9.0323355e-02
   6.9200000e+00   1.0091036e-01   1.3399994e-01
   6.9300000e+00   1.0186963e-01   1.1993012e-01
   6.9400000e+00   1.0292950e-01   7.0823277e-02
   6.9500000e+00   1.0409040e-01   2.6907804e-01
   6.9600000e+00   1.0535273e-01   2.6450782e-01
   6.9700000e+00   1.0671684e-01   1.0784945e-01
   6.9800000e+00   1.0818309e-01   1.4959266e-01
   6.9900000e+00   1.0975181e-01   1.7503610e-01
   7.0000000e+00   1.1142330e-01   3.4958439e-01
   7.0100000e+00   1.1319783e-01   1.8327678e-01
   7.0200000e+00   1.1507565e-01   1.1320853e-01
   7.0300000e+00   1.1705700e-01   1.1602767e-02
   7.0400000e+00   1.1914207e-01   9.0305018e-02
   7.0500000e+00   1.2133106e-01   2.6114297e-01
   7.0600000e+00   1.2362410e-01   3.2353533e-01
   7.0700000e+00   1.2602133e-01  -4.6690497e-02
   7.0800000e+00   1.2852286e-01   1.8492565e-01
   7.0900000e+00   1.3112877e-01   2.2446710e-01
   7.1000000e+00   1.3383911e-01   2.6980705e-01
   7.1100000e+00   1.3665391e-01   1.1105107e-01
   7.1200000e+00   1.3957319e-01  -6.3182482e-02
   7.1300000e+00   1.4259691e-01  -4.4009793e-02
   7.1400000e+00   1.4572504e-01   2.3008202e-01
   7.1500000e+00   1.4895751e-01   3.1145255e-01
   7.1600000e+00   1.5229423e-01   1.6086119e-01
   7.1700000e+00   1.5573507e-01  -2.6663949e-02
   7.1800000e+00   1.5927988e-01   1.5119359e-01
   7.1900000e+00   1.6292851e-01   1.4129616e-01
   7.2000000e+00   1.6668075e-01   1.8853110e-01
   7.2100000e+00   1.7053639e-01   7.1735129e-02
   7.2200000e+00   1.7449518e-01  -6.9177910e-03
   7.2300000e+00   1.7855685e-01   2.4552814e-01
   7.2400000e+00   1.8272110e-01   2.3178372e-01
   7.2500000e+00   1.8698762e-01   2.9793099e-01
   7.2600000e+00   1.9135606e-01  -1.1230052e-02
   7.2700000e+00   1.9582604e-01   1.9437441e-01
   7.2800000e+00   2.0039718e-01   4.9368355e-02
   7.2900000e+00   2.0506905e-01   3.1941527e-01
   7.3000000e+00   2.0984121e-01   1.7099910e-01
   7.3100000e+00   2.1471319e-01   1.9015262e-01
   7.3200000e+00   2.1968449e-01   1.0751139e-01
   7.3300000e+00   2.2475460e-01   3.6916154e-01
   7.3400000e+00   2.2992298e-01   2.0637813e-01
   7.3500000e+00   2.3518904e-01   1.6303121e-01
   7.3600000e+00   2.4055221e-01   1.2979096e-01
   7.3700000e+00   2.4601187e-01   3.7895691e-01
   7.3800000e+00   2.5156737e-01   4.4516778e-01
   7.3900000e+00   2.5721805e-01   1.4406040e-01
   7.4000000e+00   2.6296323e-01   3.1206808e-01
   7.4100000e+00   2.6880220e-01   3.6427038e-01
   7.4200000e+00   2.7473420e-01   4.7197158e-01
   7.4300000e+00   2.8075850e-01   4.4871312e-01
   7.4400000e+00   2.8687431e-01   2.5632610e-01
   7.4500000e+00   2.9308082e-01   2.7299651e-01
   7.4600000e+00   2.9937720e-01   2.6649374e-01
   7.4700000e+00   3.0576261e-01   2.4336368e-01
   7.4800000e+00   3.1223617e-01   2.1752715e-01
   7.4900000e+00   3.1879699e-01   3.7345861e-01
   7.5000000e+00   3.2544414e-01   2.9979680e-01
   7.5100000e+00   3.3217670e-01   3.6128727e-01
   7.5200000e+00   3.3899369e-01   4.7685745e-01
   7.5300000e+00   3.4589413e-01   4.9672989e-01
   7.5400000e+00   3.5287703e-01   3.2970971e-01
   7.5500000e+00   3.5994135e-01   4.0930626e-01
   7.5600000e+00   3.6708605e-01   3.5866780e-01
   7.5700000e+00   3.7431007e-01   3.9054832e-01
   7.5800000e+00   3.8161231e-01   4.5758227e-01
   7.5900000e+00   3.8899166e-01   1.5340334e-01
   7.6000000e+00   3.9644700e-01   2.5389193e-01
   7.6100000e+00   4.0397719e-01   5.1815054e-01
   7.6200000e+00   4.1158105e-01   3.9070606e-01
   7.6300000e+00   4.1925740e-01   4.6929271e-01
   7.6400000e+00   4.2700503e-01   3.7800924e-01
   7.6500000e+00   4.3482273e-01   4.2381483e-01
   7.6600000e+00   4.4270924e-01   4.1918838e-01
   7.6700000e+00   4.5066331e-01   4.8712548e-01
   7.6800000e+00   4.5868366e-01   4.1632898e-01
   7.6900000e+00   4.6676899e-01   4.6380036e-01
   7.7000000e+00   4.7491800e-01   4.9875538e-01
   7.7100000e+00   4.8312935e-01   5.9849993e-01
   7.7200000e+00   4.9140169e-01   5.2210300e-01
   7.7300000e+00   4.9973367e-01   6.0611847e-01
   7.7400000e+00   5.0812390e-01   4.5688555e-01
   7.7500000e+00   5.1657100e-01   4.3124561e-01
   7.7600000e+00   5.2507355e-01   6.1089679e-01
   7.7700000e+00   5.3363012e-01   5.7418315e-01
   7.7800000e+00   5.4223928e-01   5.0416031e-01
   7.7900000e+00   5.5089958e-01   3.9627560e-01
   7.8000000e+00   5.5960954e-01   5.9605053e-01
   7.8100000e+00   5.6836769e-01   6.8483750e-01
   7.8200000e+00   5.7717253e-01   4.1035552e-01
   7.8300000e+00   5.8602255e-01   5.0356442e-01
   7.8400000e+00   5.9491623e-01   4.9890282e-01
   7.8500000e+00   6.0385205e-01   6.2507708e-01
   7.8600000e+00   6.1282845e-01   4.0094163e-01
   7.8700000e+00   6.2184388e-01   6.0258395e-01
   7.8800000e+00   6.3089678e-01   5.3392007e-01
   7.8900000e+00   6.3998556e-01   5.5288415e-01
   7.9000000e+00   6.4910864e-01   7.5988368e-01
   7.9100000e+00   6.5826443e-01   7.9323352e-01
   7.9200000e+00   6.6745130e-01   5.5679881e-01
   7.9300000e+00   6.7666765e-01   5.8965921e-01
   7.9400000e+00   6.8591184e-01   5.4406522e-01
   7.9500000e+00   6.9518226e-01   7.8821282e-01
   7.9600000e+00   7.0447724e-01   8.7404833e-01
   7.9700000e+00   7.1379515e-01   7.1068647e-01
   7.9800000e+00   7.2313432e-01   8.1757964e-01
   7.9900000e+00   7.3249309e-01   7.6920473e-01
   8.0000000e+00   7.4186979e-01   7.9161081e-01
   8.0100000e+00   7.5126274e-01   4.8725541e-01
   8.0200000e+00   7.6067027e-01   6.7387751e-01
   8.0300000e+00   7.7009067e-01   7.6002557e-01
   8.0400000e+00   7.7952227e-01   7.7267907e-01
   8.0500000e+00   7.8896335e-01   1.1031498e+00
   8.0600000e+00   7.9841223e-01   7.8896656e-01
   8.0700000e+00   8.0786719e-01   6.0893036e-01
   8.0800000e+00   8.1732652e-01   7.8864870e-01
   8.0900000e+00   8.2678853e-01   8.1465247e-01
   8.1000000e+00   8.3625148e-01   7.2728870e-01
   8.1100000e+00   8.4571367e-01   1.0149647e+00
   8.1200000e+00   8.5517338e-01   7.5753338e-01
   8.1300000e+00   8.6462890e-01   8.2946000e-01
   8.1400000e+00   8.7407849e-01   1.0392305e+00
   8.1500000e+00   8.8352045e-01   9.9431571e-01
   8.1600000e+00   8.9295305e-01   9.1656828e-01
   8.1700000e+00   9.0237458e-01   7.6766449e-01
   8.1800000e+00   9.1178332e-01   1.1910586e+00
   8.1900000e+00   9.2117754e-01   8.8052834e-01
   8.2000000e+00   9.3055555e-01   7.7850727e-01
   8.2100000e+00   9.3991562e-01   9.0919038e-01
   8.2200000e+00   9.4925604e-01   8.3426758e-01
   8.2300000e+00   9.5857511e-01   1.0512710e+00
   8.2400000e+00   9.6787112e-01   1.1579757e+00
   8.2500000e+00   9.7714239e-01   8.9526979e-01
   8.2600000e+00   9.8638720e-01   1.0454177e+00
   8.2700000e+00   9.9560387e-01   9.1658925e-01
   8.2800000e+00   1.0047907e+00   8.9352221e-01
   8.2900000e+00   1.0139461e+00   1.1395852e+00
   8.3000000e+00   1.0230682e+00   1.0471943e+00
   8.3100000e+00   1.0321555e+00   8.6968452e-01
   8.3200000e+00   1.0412063e+00   1.1339195e+00
   8.3300000e+00   1.0502190e+00   1.0970705e+00
   8.3400000e+00   1.0591918e+00   1.2563429e+00
   8.3500000e+00   1.0681232e+00   9.8409886e-01
   8.3600000e+00   1.0770115e+00   9.6675202e-01
   8.3700000e+00   1.0858552e+00   1.0728517e+00
   8.3800000e+00   1.0946525e+00   1.2147328e+00
   8.3900000e+00   1.1034019e+00   1.0679543e+00
   8.4000000e+00   1.1121018e+00   1.0127804e+00
   8.4100000e+00   1.1207506e+00   1.1128811e+00
   8.4200000e+00   1.1293468e+00   1.2234541e+00
   8.4300000e+00   1.1378888e+00   1.2675147e+00
   8.4400000e+00   1.1463750e+00   1.2184975e+00
   8.4500000e+00   1.1548039e+00   1.0936825e+00
   8.4600000e+00   1.1631740e+00   1.1798691e+00
   8.4700000e+00   1.1714837e+00   1.2551019e+00
   8.4800000e+00   1.1797317e+00   1.2145387e+00
   8.4900000e+00   1.1879163e+00   1.0715728e+00
   8.5000000e+00   1.1960361e+00   1.1156315e+00
   8.5100000e+00   1.2040897e+00   1.2489626e+00
   8.5200000e+00   1.2120756e+00   1.4135318e+00
   8.5300000e+00   1.2199924e+00   1.4407722e+00
   8.5400000e+00   1.2278386e+00   1.0785389e+00
   8.5500000e+00   1.2356130e+00   1.2131555e+00
   8.5600000e+00   1.2433140e+00   1.3084929e+00
   8.5700000e+00   1.2509404e+00   1.4594786e+00
   8.5800000e+00   1.2584907e+00   1.2870927e+00
   8.5900000e+00   1.2659637e+00   1.1377621e+00
   8.6000000e+00   1.2733581e+00   1.2032175e+00
   8.6100000e+00   1.2806725e+00   1.2902098e+00
   8.6200000e+00   1.2879056e+00   1.3673434e+00
   8.6300000e+00   1.2950563e+00   1.2904403e+00
   8.6400000e+00   1.3021232e+00   1.1976074e+00
   8.6500000e+00   1.3091052e+00   1.1122017e+00
   8.6600000e+00   1.3160010e+00   1.4184845e+00
   8.6700000e+00   1.3228095e+00   1.4744344e+00
   8.6800000e+00   1.3295294e+00   1.3868970e+00
   8.6900000e+00   1.3361597e+00   1.2904082e+00
   8.7000000e+00   1.3426992e+00   1.4374092e+00
   8.7100000e+00   1.3491469e+00   1.5600619e+00
   8.7200000e+00   1.3555015e+00   1.5913541e+00
   8.7300000e+00   1.3617622e+00   1.2419102e+00
   8.7400000e+00   1.3679278e+00   1.1773244e+00
   8.7500000e+00   1.3739973e+00   1.0785830e+00
   8.7600000e+00   1.3799697e+00   1.4928570e+00
   8.7700000e+00   1.3858440e+00   1.3565559e+00
   8.7800000e+00   1.3916193e+00   1.3314423e+00
   8.7900000e+00   1.3972947e+00   1.2871625e+00
   8.8000000e+00   1.4028693e+00   1.5601974e+00
   8.8100000e+00   1.4083421e+00   1.5610965e+00
   8.8200000e+00   1.4137123e+00   1.3362499e+00
   8.8300000e+00   1.4189791e+00   1.3600042e+00
   8.8400000e+00   1.4241417e+00   1.4333952e+00
   8.8500000e+00   1.4291992e+00   1.3943086e+00
   8.8600000e+00   1.4341509e+00   1.5087978e+00
   8.8700000e+00   1.4389961e+00   1.4019964e+00
   8.8800000e+00   1.4437340e+00   1.2898447e+00
   8.8900000e+00   1.4483640e+00   1.3432225e+00
   8.9000000e+00   1.4528853e+00   1.6772805e+00
   8.9100000e+00   1.4572974e+00   1.4318610e+00
   8.9200000e+00   1.4615996e+00   1.4095160e+00
   8.9300000e+00   1.4657914e+00   1.3511182e+00
   8.9400000e+00   1.4698721e+00   1.2644122e+00
   8.9500000e+00   1.4738412e+00   1.5893647e+00
   8.9600000e+00   1.4776982e+00   1.5088672e+00
   8.9700000e+00   1.4814427e+00   1.4658578e+00
   8.9800000e+00   1.4850741e+00   1.4349578e+00
   8.9900000e+00   1.4885920e+00   1.4046629e+00
   9.0000000e+00   1.4919960e+00   1.5872342e+00
   9.0100000e+00   1.4952857e+00   1.5325561e+00
   9.0200000e+00   1.4984608e+00   1.2619547e+00
   9.0300000e+00   1.5015209e+00   1.2242419e+00
   9.0400000e+00   1.5044656e+00   1.6719957e+00
   9.0500000e+00   1.5072949e+00   1.4716479e+00
   9.0600000e+00   1.5100083e+00   1.4451422e+00
   9.0700000e+00   1.5126056e+00   1.4598735e+00
   9.0800000e+00   1.5150867e+00   1.4363548e+00
   9.0900000e+00   1.5174514e+00   1.5557622e+00
   9.1000000e+00   1.5196995e+00   1.5913447e+00
   9.1100000e+00   1.5218308e+00   1.3817090e+00
   9.1200000e+00   1.5238454e+00   1.3510891e+00
   9.1300000e+00   1.5257432e+00   1.4729111e+00
   9.1400000e+00   1.5275240e+00   1.7337384e+00
   9.1500000e+00   1.5291879e+00   1.4845544e+00
   9.1600000e+00   1.5307350e+00   1.5145402e+00
   9.1700000e+00   1.5321651e+00   1.3943184e+00
   9.1800000e+00   1.5334785e+00   1.6671743e+00
   9.1900000e+00   1.5346752e+00   1.5430970e+00
   9.2000000e+00   1.5357552e+00   1.6096214e+00
   9.2100000e+00   1.5367189e+00   1.4179590e+00
   9.2200000e+00   1.5375663e+00   1.5067131e+00
   9.2300000e+00   1.5382976e+00   1.4970625e+00
   9.2400000e+00   1.5389130e+00   1.6872168e+00
   9.2500000e+00   1.5394129e+00   1.5068798e+00
   9.2600000e+00   1.5397975e+00   1.3703364e+00
   9.2700000e+00   1.5400671e+00   1.5317964e+00
   9.2800000e+00   1.5402220e+00   1.5064639e+00
   9.2900000e+00   1.5402625e+00   1.3902159e+00
   9.3000000e+00   1.5401892e+00   1.4247601e+00
   9.3100000e+00   1.5400023e+00   1.3828245e+00
   9.3200000e+00   1.5397023e+00   1.4274277e+00
   9.3300000e+00   1.5392897e+00   1.6076792e+00
   9.3400000e+00   1.5387649e+00   1.5669051e+00
   9.3500000e+00   1.5381285e+00   1.5434603e+00
   9.3600000e+00   1.5373810e+00   1.4959491e+00
   9.3700000e+00   1.5365230e+00   1.4470385e+00
   9.3800000e+00   1.5355550e+00   1.5930566e+00
   9.3900000e+00   1.5344776e+00   1.4761248e+00
   9.4000000e+00   1.5332916e+00   1.3175013e+00
   9.4100000e+00   1.5319974e+00   1.3993129e+00
   9.4200000e+00   1.5305959e+00   1.6747271e+00
   9.4300000e+00   1.5290878e+00   1.5590755e+00
   9.4400000e+00   1.5274737e+00   1.6235717e+00
   9.4500000e+00   1.5257545e+00   1.5536995e+00
   9.4600000e+00   1.5239308e+00   1.4212862e+00
   9.4700000e+00   1.5220035e+00   1.5443244e+00
   9.4800000e+00   1.5199735e+00   1.3751957e+00
   9.4900000e+00   1.5178415e+00   1.3524909e+00
   9.5000000e+00   1.5156085e+00   1.5204859e+00
   9.5100000e+00   1.5132753e+00   1.7080174e+00
   9.5200000e+00   1.5108428e+00   1.6003802e+00
   9.5300000e+00   1.5083120e+00   1.7014404e+00
   9.5400000e+00   1.5056839e+00   1.4740677e+00
   9.5500000e+00   1.5029594e+00   1.5229654e+00
   9.5600000e+00   1.5001394e+00   1.5539413e+00
   9.5700000e+00   1.4972251e+00   1.5608377e+00
   9.5800000e+00   1.4942175e+00   1.5110342e+00
   9.5900000e+00   1.4911176e+00   1.3641160e+00
   9.6000000e+00   1.4879265e+00   1.4237292e+00
   9.6100000e+00   1.4846453e+00   1.5793000e+00
   9.6200000e+00   1.4812752e+00   1.5857763e+00
   9.6300000e+00   1.4778172e+00   1.6990563e+00
   9.6400000e+00   1.4742725e+00   1.5279082e+00
   9.6500000e+00   1.4706423e+00   1.5614206e+00
   9.6600000e+00   1.4669278e+00   1.4344733e+00
   9.6700000e+00   1.4631302e+00   1.5338748e+00
   9.6800000e+00   1.4592508e+00   1.3390454e+00
   9.6900000e+00   1.4552907e+00   1.2970676e+00
   9.7000000e+00   1.4512512e+00   1.5611194e+00
   9.7100000e+00   1.4471336e+00   1.4915403e+00
   9.7200000e+00   1.4429392e+00   1.5944701e+00
   9.7300000e+00   1.4386694e+00   1.2857610e+00
   9.7400000e+00   1.4343253e+00   1.3560680e+00
   9.7500000e+00   1.4299085e+00   1.5513806e+00
   9.7600000e+00   1.4254202e+00   1.5875000e+00
   9.7700000e+00   1.4208617e+00   1.3096353e+00
   9.7800000e+00   1.4162346e+00   1.4201839e+00
   9.7900000e+00   1.4115401e+00   1.4879124e+00
   9.8000000e+00   1.4067797e+00   1.2991023e+00
   9.8100000e+00   1.4019548e+00   1.3151462e+00
   9.8200000e+00   1.3970669e+00   1.3375306e+00
   9.8300000e+00   1.3921174e+00   1.5418501e+00
   9.8400000e+00   1.3871076e+00   1.1936145e+00
   9.8500000e+00   1.3820393e+00   1.2724521e+00
   9.8600000e+00   1.3769137e+00   1.4335642e+00
   9.8700000e+00   1.3717323e+00   1.3153051e+00
   9.8800000e+00   1.3664968e+00   1.2475374e+00
   9.8900000e+00   1.3612086e+00   1.4078133e+00
   9.9000000e+00   1.3558692e+00   1.3645014e+00
   9.9100000e+00   1.3504801e+00   1.4786747e+00
   9.9200000e+00   1.3450429e+00   1.4118116e+00
   9.9300000e+00   1.3395591e+00   1.0857824e+00
   9.9400000e+00   1.3340304e+00   1.3323092e+00
   9.9500000e+00   1.3284581e+00   1.3159752e+00
   9.9600000e+00   1.3228440e+00   1.3409512e+00
   9.9700000e+00   1.3171895e+00   1.4092406e+00
   9.9800000e+00   1.3114963e+00   1.2109495e+00
   9.9900000e+00   1.3057659e+00   1.2770172e+00
   1.0000000e+01   1.3000000e+00   1.4937775e+00
   1.0010000e+01   1.2942001e+00   1.2366237e+00
   1.0020000e+01   1.2883678e+00   1.0003803e+00
   1.0030000e+01   1.2825048e+00   1.2651981e+00
   1.0040000e+01   1.2766125e+00   1.3620239e+00
   1.0050000e+01   1.2706928e+00   1.3938639e+00
   1.0060000e+01   1.2647470e+00   1.2934161e+00
   1.0070000e+01   1.2587770e+00   1.1288067e+00
   1.0080000e+01   1.2527842e+00   1.0945151e+00
   1.0090000e+01   1.2467704e+00   1.3005074e+00
   1.0100000e+01   1.2407370e+00   1.3743904e+00
   1.0110000e+01   1.2346858e+00   1.1703870e+00
   1.0120000e+01   1.2286184e+00   1.1816182e+00
   1.0130000e+01   1.2225363e+00   1.2607262e+00
   1.0140000e+01   1.2164413e+00   1.1807325e+00
   1.0150000e+01   1.2103348e+00   1.2483821e+00
   1.0160000e+01   1.2042186e+00   1.1714539e+00
   1.0170000e+01   1.1980942e+00   9.2148501e-01
   1.0180000e+01   1.1919632e+00   1.3057245e+00
   1.0190000e+01   1.1858273e+00   1.1732116e+00
   1.0200000e+01   1.1796881e+00   1.1966053e+00
   1.0210000e+01   1.1735472e+00   1.1379402e+00
   1.0220000e+01   1.1674060e+00   1.2347141e+00
   1.0230000e+01   1.1612664e+00   1.0474550e+00
   1.0240000e+01   1.1551298e+00   1.3403258e+00
   1.0250000e+01   1.1489978e+00   1.1153276e+00
   1.0260000e+01   1.1428720e+00   9.6846747e-01
   1.0270000e+01   1.1367539e+00   1.0724134e+00
   1.0280000e+01   1.1306452e+00   1.0449305e+00
   1.0290000e+01   1.1245474e+00   1.1597849e+00
   1.0300000e+01   1.1184620e+00   1.2035970e+00
   1.0310000e+01   1.1123905e+00   1.0926151e+00
   1.0320000e+01   1.1063346e+00   1.0353613e+00
   1.0330000e+01   1.1002957e+00   9.6516992e-01
   1.0340000e+01   1.0942753e+00   9.9456648e-01
   1.0350000e+01   1.0882750e+00   1.1937564e+00
   1.0360000e+01   1.0822963e+00   9.5106442e-01
   1.0370000e+01   1.0763405e+00   1.1056397e+00
   1.0380000e+01   1.0704093e+00   1.0064058e+00
   1.0390000e+01   1.0645040e+00   1.1409549e+00
   1.0400000e+01   1.0586262e+00   9.6549722e-01
   1.0410000e+01   1.0527772e+00   8.7338580e-01
   1.0420000e+01   1.0469586e+00   1.1493681e+00
   1.0430000e+01   1.0411716e+00   1.0843983e+00
   1.0440000e+01   1.0354177e+00   9.6547014e-01
   1.0450000e+01   1.0296984e+00   7.4363155e-01
   1.0460000e+01   1.0240149e+00   7.8772438e-01
   1.0470000e+01   1.0183687e+00   1.1320542e+00
   1.0480000e+01   1.0127610e+00   1.2117243e+00
   1.0490000e+01   1.0071933e+00   1.0523694e+00
   1.0500000e+01   1.0016669e+00   7.4465033e-01
   1.0510000e+01   9.9618298e-01   1.0689947e+00
   1.0520000e+01   9.9074293e-01   1.1046761e+00
   1.0530000e+01   9.8534800e-01   1.0679150e+00
   1.0540000e+01   9.7999944e-01   9.4905717e-01
   1.0550000e+01   9.7469850e-01   1.0386680e+00
   1.0560000e+01   9.6944641e-01   1.0320749e+00
   1.0570000e+01   9.6424436e-01   1.0654309e+00
   1.0580000e+01   9.5909355e-01   1.1141908e+00
   1.0590000e+01   9.5399515e-01   9.2934159e-01
   1.0600000e+01   9.4895031e-01   9.0421499e-01
   1.0610000e+01   9.4396018e-01   9.6910174e-01
   1.0620000e+01   9.3902587e-01   1.0212112e+00
   1.0630000e+01   9.3414847e-01   8.2289977e-01
   1.0640000e+01   9.2932907e-01   8.0234178e-01
   1.0650000e+01   9.2456873e-01   8.3795648e-01
   1.0660000e+01   9.1986849e-01   9.2606597e-01
   1.0670000e+01   9.1522936e-01   8.1539232e-01
   1.0680000e+01   9.1065236e-01   7.7477735e-01
   1.0690000e+01   9.0613845e-01   8.1867023e-01
   1.0700000e+01   9.0168861e-01   8.2964984e-01
   1.0710000e+01   8.9730377e-01   1.2677866e+00
   1.0720000e+01   8.9298484e-01   1.0739446e+00
   1.0730000e+01   8.8873273e-01   8.1321358e-01
   1.0740000e+01   8.8454830e-01   7.1254912e-01
   1.0750000e+01   8.8043242e-01   7.6918555e-01
   1.0760000e+01   8.7638592e-01   9.5818768e-01
   1.0770000e+01   8.7240960e-01   9.0070073e-01
   1.0780000e+01   8.6850425e-01   1.0259752e+00
   1.0790000e+01   8.6467064e-01   9.5739760e-01
   1.0800000e+01   8.6090952e-01   1.1149252e+00
   1.0810000e+01   8.5722159e-01   9.8004924e-01
   1.0820000e+01   8.5360756e-01   1.0709707e+00
   1.0830000e+01   8.5006810e-01   6.1382989e-01
   1.0840000e+01   8.4660387e-01   8.6671446e-01
   1.0850000e+01   8.4321548e-01   9.0175383e-01
   1.0860000e+01   8.3990355e-01   9.6187644e-01
   1.0870000e+01   8.3666865e-01   8.9648741e-01
   1.0880000e+01   8.3351134e-01   7.6379858e-01
   1.0890000e+01   8.3043216e-01   7.7880574e-01
   1.0900000e+01   8.2743160e-01   9.0679325e-01
   1.0910000e+01   8.2451016e-01   9.8047639e-01
   1.0920000e+01   8.2166830e-01   7.0665457e-01
   1.0930000e+01   8.1890644e-01   6.4084249e-01
   1.0940000e+01   8.1622502e-01   9.8959591e-01
   1.0950000e+01   8.1362440e-01   1.1273732e+00
   1.0960000e+01   8.1110496e-01   9.9130435e-01
   1.0970000e+01   8.0866702e-01   8.6334330e-01
   1.0980000e+01   8.0631092e-01   9.3555464e-01
   1.0990000e+01   8.0403693e-01   8.4236143e-01
   1.1000000e+01   8.0184532e-01   6.2962225e-01
   1.1010000e+01   7.9973633e-01   8.4063744e-01
   1.1020000e+01   7.9771017e-01   5.6042308e-01
   1.1030000e+01   7.9576704e-01   5.8373683e-01
   1.1040000e+01   7.9390709e-01   7.4678676e-01
   1.1050000e+01   7.9213048e-01   9.3216600e-01
   1.1060000e+01   7.9043731e-01   9.1941462e-01
   1.1070000e+01   7.8882767e-01   7.7098363e-01
   1.1080000e+01   7.8730164e-01   7.3471220e-01
   1.1090000e+01   7.8585926e-01   8.7680110e-01
   1.1100000e+01   7.8450053e-01   7.9274412e-01
   1.1110000e+01   7.8322546e-01   9.1494962e-01
   1.1120000e+01   7.8203401e-01   6.3612238e-01
   1.1130000e+01   7.8092612e-01   8.4144919e-01
   1.1140000e+01   7.7990171e-01   7.9358966e-01
   1.1150000e+01   7.7896068e-01   8.3177083e-01
   1.1160000e+01   7.7810289e-01   8.4387839e-01
   1.1170000e+01   7.7732819e-01   8.0704767e-01
   1.1180000e+01   7.7663641e-01   5.2407658e-01
   1.1190000e+01   7.7602733e-01   9.7175315e-01
   1.1200000e+01   7.7550073e-01   6.9172970e-01
   1.1210000e+01   7.7505635e-01   9.0329251e-01
   1.1220000e+01   7.7469394e-01   4.1533493e-01
   1.1230000e+01   7.7441317e-01   7.3919508e-01
   1.1240000e+01   7.7421374e-01   9.6927186e-01
   1.1250000e+01   7.7409529e-01   8.3342052e-01
   1.1260000e+01   7.7405746e-01   7.7808423e-01
   1.1270000e+01   7.7409986e-01   6.8678563e-01
   1.1280000e+01   7.7422206e-01   8.5253493e-01
   1.1290000e+01   7.7442363e-01   7.5706863e-01
   1.1300000e+01   7.7470411e-01   7.2673233e-01
   1.1310000e+01   7.7506301e-01   6.8791495e-01
   1.1320000e+01   7.7549984e-01   7.2132372e-01
   1.1330000e+01   7.7601405e-01   7.7166458e-01
   1.1340000e+01   7.7660510e-01   7.2331778e-01
   1.1350000e+01   7.7727242e-01   7.7890316e-01
   1.1360000e+01   7.7801541e-01   8.4107212e-01
   1.1370000e+01   7.7883346e-01   7.9634540e-01
   1.1380000e+01   7.7972593e-01   9.4563610e-01
   1.1390000e+01   7.8069216e-01   8.2954032e-01
   1.1400000e+01   7.8173148e-01   7.5830395e-01
   1.1410000e+01   7.8284318e-01   7.2912688e-01
   1.1420000e+01   7.8402655e-01   7.6228340e-01
   1.1430000e+01   7.8528084e-01   8.1190336e-01
   1.1440000e+01   7.8660530e-01   6.6193853e-01
   1.1450000e+01   7.8799915e-01   6.8601633e-01
   1.1460000e+01   7.8946159e-01   5.7409600e-01
   1.1470000e+01   7.9099180e-01   8.6763396e-01
   1.1480000e+01   7.9258894e-01   6.3216564e-01
   1.1490000e+01   7.9425217e-01   8.5995118e-01
   1.1500000e+01   7.9598060e-01   6.1339390e-01
   1.1510000e+01   7.9777335e-01   7.0765973e-01
   1.1520000e+01   7.9962951e-01   7.2144217e-01
   1.1530000e+01   8.0154814e-01   9.3213472e-01
   1.1540000e+01   8.0352831e-01   9.4872460e-01
   1.1550000e+01   8.0556906e-01   7.4783126e-01
   1.1560000e+01   8.0766941e-01   8.1255304e-01
   1.1570000e+01   8.0982836e-01   1.0143756e+00
   1.1580000e+01   8.1204491e-01   7.3949985e-01
   1.1590000e+01   8.1431804e-01   7.5266752e-01
   1.1600000e+01   8.1664669e-01   7.7758219e-01
   1.1610000e+01   8.1902982e-01   8.0429813e-01
   1.1620000e+01   8.2146635e-01   1.0255766e+00
   1.1630000e+01   8.2395521e-01   7.7376051e-01
   1.1640000e+01   8.2649529e-01   6.9254137e-01
   1.1650000e+01   8.2908548e-01   8.0908928e-01
   1.1660000e+01   8.3172466e-01   1.0339618e+00
   1.1670000e+01   8.3441169e-01   9.2051214e-01
   1.1680000e+01   8.3714541e-01   9.8710132e-01
   1.1690000e+01   8.3992467e-01   8.3192525e-01
   1.1700000e+01   8.4274829e-01   8.7324831e-01
   1.1710000e+01   8.4561508e-01   9.7278481e-01
   1.1720000e+01   8.4852384e-01   9.8254288e-01
   1.1730000e+01   8.5147337e-01   1.0166876e+00
   1.1740000e+01   8.5446245e-01   9.9762733e-01
   1.1750000e+01   8.5748985e-01   8.8182576e-01
   1.1760000e+01   8.6055432e-01   1.1610930e+00
   1.1770000e+01   8.6365462e-01   7.0620230e-01
   1.1780000e+01   8.6678950e-01   9.9874775e-01
   1.1790000e+01   8.6995768e-01   7.9801595e-01
   1.1800000e+01   8.7315789e-01   8.3793072e-01
   1.1810000e+01   8.7638886e-01   9.9629926e-01
   1.1820000e+01   8.7964928e-01   7.7039779e-01
   1.1830000e+01   8.8293787e-01   7.9942181e-01
   1.1840000e+01   8.8625331e-01   8.3033857e-01
   1.1850000e+01   8.8959431e-01   1.0431084e+00
   1.1860000e+01   8.9295954e-01   8.5216998e-01
   1.1870000e+01   8.9634768e-01   8.8187304e-01
   1.1880000e+01   8.9975742e-01   8.6178393e-01
   1.1890000e+01   9.0318740e-01   7.9035883e-01
   1.1900000e+01   9.0663631e-01   9.3129172e-01
   1.1910000e+01   9.1010279e-01   9.8401004e-01
   1.1920000e+01   9.1358551e-01   7.1362485e-01
   1.1930000e+01   9.1708313e-01   8.9009732e-01
   1.1940000e+01   9.2059428e-01   8.1701805e-01
   1.1950000e+01   9.2411763e-01   1.1225552e+00
   1.1960000e+01   9.2765181e-01   1.0182584e+00
   1.1970000e+01   9.3119548e-01   9.2463098e-01
   1.1980000e+01   9.3474726e-01   8.9781273e-01
   1.1990000e+01   9.3830582e-01   1.0128033e+00
   1.2000000e+01   9.4186979e-01   1.0220843e+00
   1.2010000e+01   9.4543781e-01   9.8160591e-01
   1.2020000e+01   9.4900853e-01   8.9963570e-01
   1.2030000e+01   9.5258059e-01   7.7505458e-01
   1.2040000e+01   9.5615263e-01   1.0183388e+00
   1.2050000e+01   9.5972331e-01   9.6842879e-01
   1.2060000e+01   9.6329126e-01   1.1720212e+00
   1.2070000e+01   9.6685515e-01   7.6680914e-01
   1.2080000e+01   9.7041361e-01   9.0372003e-01
   1.2090000e+01   9.7396532e-01   1.1939040e+00
   1.2100000e+01   9.7750893e-01   1.1738756e+00
   1.2110000e+01   9.8104310e-01   9.9179490e-01
   1.2120000e+01   9.8456651e-01   1.0308677e+00
   1.2130000e+01   9.8807782e-01   1.0641377e+00
   1.2140000e+01   9.9157572e-01   9.8081758e-01
   1.2150000e+01   9.9505888e-01   1.2375702e+00
   1.2160000e+01   9.9852600e-01   9.7966038e-01
   1.2170000e+01   1.0019758e+00   8.7883237e-01
   1.2180000e+01   1.0054069e+00   1.0832904e+00
   1.2190000e+01   1.0088181e+00   1.1175009e+00
   1.2200000e+01   1.0122081e+00   9.8203069e-01
   1.2210000e+01   1.0155755e+00   8.1165997e-01
   1.2220000e+01   1.0189192e+00   9.4819838e-01
   1.2230000e+01   1.0222379e+00   9.9677893e-01
   1.2240000e+01   1.0255303e+00   1.1384858e+00
   1.2250000e+01   1.0287952e+00   1.2454616e+00
   1.2260000e+01   1.0320314e+00   9.3464078e-01
   1.2270000e+01   1.0352375e+00   9.9077952e-01
   1.2280000e+01   1.0384125e+00   1.0415832e+00
   1.2290000e+01   1.0415551e+00   1.1677380e+00
   1.2300000e+01   1.0446642e+00   1.1014803e+00
   1.2310000e+01   1.0477384e+00   8.9777576e-01
   1.2320000e+01   1.0507768e+00   1.0145248e+00
   1.2330000e+01   1.0537780e+00   1.0033383e+00
   1.2340000e+01   1.0567411e+00   1.1177960e+00
   1.2350000e+01   1.0596648e+00   9.1726135e-01
   1.2360000e+01   1.0625480e+00   1.0749594e+00
   1.2370000e+01   1.0653896e+00   9.1916381e-01
   1.2380000e+01   1.0681886e+00   1.0984083e+00
   1.2390000e+01   1.0709437e+00   1.1223789e+00
   1.2400000e+01   1.0736541e+00   8.4227269e-01
   1.2410000e+01   1.0763186e+00   8.6997802e-01
   1.2420000e+01   1.0789362e+00   1.1353647e+00
   1.2430000e+01   1.0815059e+00   1.1881325e+00
   1.2440000e+01   1.0840267e+00   1.0661924e+00
   1.2450000e+01   1.0864975e+00   9.5030520e-01
   1.2460000e+01   1.0889175e+00   1.1904171e+00
   1.2470000e+01   1.0912855e+00   1.2997923e+00
   1.2480000e+01   1.0936008e+00   1.0304632e+00
   1.2490000e+01   1.0958624e+00   1.1815974e+00
   1.2500000e+01   1.0980693e+00   9.0775787e-01
   1.2510000e+01   1.1002207e+00   1.2254539e+00
   1.2520000e+01   1.1023158e+00   1.3518820e+00
   1.2530000e+01   1.1043535e+00   1.0139595e+00
   1.2540000e+01   1.1063332e+00   1.2051028e+00
   1.2550000e+01   1.1082539e+00   1.2216205e+00
   1.2560000e+01   1.1101150e+00   1.1555575e+00
   1.2570000e+01   1.1119155e+00   1.2015955e+00
   1.2580000e+01   1.1136548e+00   1.0503011e+00
   1.2590000e+01   1.1153320e+00   1.1208320e+00
   1.2600000e+01   1.1169465e+00   1.0467972e+00
   1.2610000e+01   1.1184975e+00   1.0688234e+00
   1.2620000e+01   1.1199844e+00   1.1536123e+00
   1.2630000e+01   1.1214065e+00   1.2934889e+00
   1.2640000e+01   1.1227632e+00   1.0144385e+00
   1.2650000e+01   1.1240537e+00   1.0387616e+00
   1.2660000e+01   1.1252775e+00   1.1399292e+00
   1.2670000e+01   1.1264340e+00   1.2627440e+00
   1.2680000e+01   1.1275227e+00   9.7155013e-01
   1.2690000e+01   1.1285429e+00   1.1959597e+00
   1.2700000e+01   1.1294942e+00   1.0791498e+00
   1.2710000e+01   1.1303761e+00   1.1900121e+00
   1.2720000e+01   1.1311880e+00   1.1384316e+00
   1.2730000e+01   1.1319295e+00   1.1860841e+00
   1.2740000e+01   1.1326001e+00   1.1438940e+00
   1.2750000e+01   1.1331995e+00   1.0301268e+00
   1.2760000e+01   1.1337272e+00   1.2318788e+00
   1.2770000e+01   1.1341829e+00   1.2862679e+00
   1.2780000e+01   1.1345662e+00   1.1090405e+00
   1.2790000e+01   1.1348767e+00   9.6707375e-01
   1.2800000e+01   1.1351141e+00   1.1776469e+00
   1.2810000e+01   1.1352782e+00   1.2220178e+00
   1.2820000e+01   1.1353686e+00   1.0828406e+00
   1.2830000e+01   1.1353852e+00   1.1765106e+00
   1.2840000e+01   1.1353276e+00   1.0524382e+00
   1.2850000e+01   1.1351958e+00   1.1236719e+00
   1.2860000e+01   1.1349894e+00   1.3030496e+00
   1.2870000e+01   1.1347084e+00   1.1814930e+00
   1.2880000e+01   1.1343526e+00   1.0630227e+00
   1.2890000e+01   1.1339219e+00   1.2622101e+00
   1.2900000e+01   1.1334162e+00   1.1171123e+00
   1.2910000e+01   1.1328354e+00   1.1676818e+00
   1.2920000e+01   1.1321795e+00   1.1272186e+00
   1.2930000e+01   1.1314484e+00   1.1929910e+00
   1.2940000e+01   1.1306421e+00   1.1649384e+00
   1.2950000e+01   1.1297607e+00   1.2123218e+00
   1.2960000e+01   1.1288042e+00   1.2449449e+00
   1.2970000e+01   1.1277726e+00   9.9096346e-01
   1.2980000e+01   1.1266661e+00   1.0009437e+00
   1.2990000e+01   1.1254847e+00   1.1687691e+00
   1.3000000e+01   1.1242285e+00   1.3175732e+00
   1.3010000e+01   1.1228978e+00   1.1841503e+00
   1.3020000e+01   1.1214926e+00   1.0549147e+00
   1.3030000e+01   1.1200133e+00   9.7939076e-01
   1.3040000e+01   1.1184599e+00   1.0422148e+00
   1.3050000e+01   1.1168327e+00   1.2171955e+00
   1.3060000e+01   1.1151320e+00   1.1371214e+00
   1.3070000e+01   1.1133580e+00   9.9740784e-01
   1.3080000e+01   1.1115112e+00   9.6411337e-01
   1.3090000e+01   1.1095917e+00   1.2472066e+00
   1.3100000e+01   1.1075999e+00   1.1574319e+00
   1.3110000e+01   1.1055362e+00   1.0030216e+00
   1.3120000e+01   1.1034009e+00   9.4279288e-01
   1.3130000e+01   1.1011945e+00   1.1399323e+00
   1.3140000e+01   1.0989175e+00   1.2600046e+00
   1.3150000e+01   1.0965701e+00   1.1399150e+00
   1.3160000e+01   1.0941530e+00   1.2488388e+00
   1.3170000e+01   1.0916665e+00   1.0142432e+00
   1.3180000e+01   1.0891113e+00   9.9894010e-01
   1.3190000e+01   1.0864878e+00   1.0671461e+00
   1.3200000e+01   1.0837966e+00   1.1602188e+00
   1.3210000e+01   1.0810382e+00   8.9737029e-01
   1.3220000e+01   1.0782132e+00   9.4646506e-01
   1.3230000e+01   1.0753222e+00   1.0715114e+00
   1.3240000e+01   1.0723659e+00   1.0620030e+00
   1.3250000e+01   1.0693449e+00   1.0989884e+00
   1.3260000e+01   1.0662598e+00   1.0868711e+00
   1.3270000e+01   1.0631114e+00   1.0962527e+00
   1.3280000e+01   1.0599003e+00   1.0946852e+00
   1.3290000e+01   1.0566272e+00   1.1718610e+00
   1.3300000e+01   1.0532930e+00   9.1876000e-01
   1.3310000e+01   1.0498982e+00   1.0204155e+00
   1.3320000e+01   1.0464437e+00   1.0050910e+00
   1.3330000e+01   1.0429303e+00   1.2621754e+00
   1.3340000e+01   1.0393588e+00   1.0914553e+00
   1.3350000e+01   1.0357300e+00   1.0403307e+00
   1.3360000e+01   1.0320447e+00   8.1892588e-01
   1.3370000e+01   1.0283038e+00   1.0530894e+00
   1.3380000e+01   1.0245081e+00   1.4015088e+00
   1.3390000e+01   1.0206586e+00   9.3020572e-01
   1.3400000e+01   1.0167561e+00   8.0290906e-01
   1.3410000e+01   1.0128015e+00   8.3073358e-01
   1.3420000e+01   1.0087958e+00   8.4382895e-01
   1.3430000e+01   1.0047399e+00   1.1276690e+00
   1.3440000e+01   1.0006347e+00   1.0976175e+00
   1.3450000e+01   9.9648130e-01   1.0091147e+00
   1.3460000e+01   9.9228059e-01   1.0290167e+00
   1.3470000e+01   9.8803358e-01   1.0377859e+00
   1.3480000e+01   9.8374129e-01   1.1650686e+00
   1.3490000e+01   9.7940474e-01   1.0734818e+00
   1.3500000e+01   9.7502496e-01   1.1207148e+00
   1.3510000e+01   9.7060300e-01   9.4917896e-01
   1.3520000e+01   9.6613991e-01   1.0377671e+00
   1.3530000e+01   9.6163677e-01   1.1681392e+00
   1.3540000e+01   9.5709466e-01   7.9756724e-01
   1.3550000e+01   9.5251466e-01   9.5550509e-01
   1.3560000e+01   9.4789788e-01   1.0773224e+00
   1.3570000e+01   9.4324544e-01   1.0555149e+00
   1.3580000e+01   9.3855845e-01   8.6855110e-01
   1.3590000e+01   9.3383804e-01   8.7130369e-01
   1.3600000e+01   9.2908537e-01   8.2144333e-01
   1.3610000e+01   9.2430157e-01   9.5530034e-01
   1.3620000e+01   9.1948781e-01   1.0943934e+00
   1.3630000e+01   9.1464525e-01   1.0314742e+00
   1.3640000e+01   9.0977506e-01   8.3374887e-01
   1.3650000e+01   9.0487844e-01   6.2594138e-01
   1.3660000e+01   8.9995656e-01   9.7899599e-01
   1.3670000e+01   8.9501063e-01   1.0528212e+00
   1.3680000e+01   8.9004185e-01   7.2077790e-01
   1.3690000e+01   8.8505143e-01   8.7489279e-01
   1.3700000e+01   8.8004057e-01   9.2336464e-01
   1.3710000e+01   8.7501051e-01   9.1457129e-01
   1.3720000e+01   8.6996247e-01   8.8577620e-01
   1.3730000e+01   8.6489767e-01   8.3647374e-01
   1.3740000e+01   8.5981736e-01   8.2008477e-01
   1.3750000e+01   8.5472276e-01   1.0166291e+00
   1.3760000e+01   8.4961513e-01   9.2133698e-01
   1.3770000e+01   8.4449571e-01   1.0080055e+00
   1.3780000e+01   8.3936575e-01   6.6622558e-01
   1.3790000e+01   8.3422650e-01   1.0262198e+00
   1.3800000e+01   8.2907921e-01   1.0326522e+00
   1.3810000e+01   8.2392513e-01   9.3044408e-01
   1.3820000e+01   8.1876554e-01   6.0958667e-01
   1.3830000e+01   8.1360168e-01   8.4915204e-01
   1.3840000e+01   8.0843481e-01   7.9091125e-01
   1.3850000e+01   8.0326620e-01   6.9493076e-01
   1.3860000e+01   7.9809710e-01   8.6243386e-01
   1.3870000e+01   7.9292878e-01   8.2826977e-01
   1.3880000e+01   7.8776249e-01   5.1778330e-01
   1.3890000e+01   7.8259950e-01   6.3314680e-01
   1.3900000e+01   7.7744105e-01   8.8213652e-01
   1.3910000e+01   7.7228841e-01   9.0665103e-01
   1.3920000e+01   7.6714283e-01   9.1870794e-01
   1.3930000e+01   7.6200556e-01   9.3086591e-01
   1.3940000e+01   7.5687785e-01   8.2235249e-01
   1.3950000e+01   7.5176094e-01   8.8867743e-01
   1.3960000e+01   7.4665609e-01   8.7039644e-01
   1.3970000e+01   7.4156452e-01   6.7444196e-01
   1.3980000e+01   7.3648747e-01   7.0220868e-01
   1.3990000e+01   7.3142617e-01   9.4095113e-01
   1.4000000e+01   7.2638185e-01   8.5130483e-01
   1.4010000e+01   7.2135573e-01   6.0995240e-01
   1.4020000e+01   7.1634903e-01   7.1270487e-01
   1.4030000e+01   7.1136295e-01   5.0717437e-01
   1.4040000e+01   7.0639869e-01   6.8943568e-01
   1.4050000e+01   7.0145746e-01   6.6289576e-01
   1.4060000e+01   6.9654045e-01   6.0024065e-01
   1.4070000e+01   6.9164884e-01   5.7024547e-01
   1.4080000e+01   6.8678380e-01   6.5625323e-01
   1.4090000e+01   6.8194650e-01   7.7645792e-01
   1.4100000e+01   6.7713811e-01   7.0224813e-01
   1.4110000e+01   6.7235977e-01   5.6703028e-01
   1.4120000e+01   6.6761263e-01   6.7794876e-01
   1.4130000e+01   6.6289783e-01   5.8091391e-01
   1.4140000e+01   6.5821649e-01   8.8799228e-01
   1.4150000e+01   6.5356973e-01   6.0052328e-01
   1.4160000e+01   6.4895864e-01   6.4478837e-01
   1.4170000e+01   6.4438434e-01   6.5210134e-01
   1.4180000e+01   6.3984790e-01   7.3970155e-01
   1.4190000e+01   6.3535040e-01   8.7654829e-01
   1.4200000e+01   6.3089290e-01   5.6786603e-01
   1.4210000e+01   6.2647645e-01   5.2498430e-01
   1.4220000e+01   6.2210210e-01   6.0214694e-01
   1.4230000e+01   6.1777088e-01   5.9286704e-01
   1.4240000e+01   6.1348380e-01   9.7826107e-01
   1.4250000e+01   6.0924187e-01   6.6908185e-01
   1.4260000e+01   6.0504608e-01   5.7136711e-01
   1.4270000e+01   6.0089741e-01   6.5855773e-01
   1.4280000e+01   5.9679682e-01   6.5048958e-01
   1.4290000e+01   5.9274527e-01   7.5226913e-01
   1.4300000e+01   5.8874370e-01   5.4721051e-01
   1.4310000e+01   5.8479303e-01   4.8384278e-01
   1.4320000e+01   5.8089417e-01   4.4323793e-01
   1.4330000e+01   5.7704803e-01   7.3884358e-01
   1.4340000e+01   5.7325548e-01   5.4133861e-01
   1.4350000e+01   5.6951738e-01   3.8258078e-01
   1.4360000e+01   5.6583460e-01   3.3983980e-01
   1.4370000e+01   5.6220797e-01   7.2553057e-01
   1.4380000e+01   5.5863831e-01   6.7870635e-01
   1.4390000e+01   5.5512642e-01   4.8954658e-01
   1.4400000e+01   5.5167310e-01   5.1381693e-01
   1.4410000e+01   5.4827912e-01   5.9474498e-01
   1.4420000e+01   5.4494525e-01   5.8130918e-01
   1.4430000e+01   5.4167221e-01   6.1455568e-01
   1.4440000e+01   5.3846073e-01   4.9326643e-01
   1.4450000e+01   5.3531153e-01   4.6975256e-01
   1.4460000e+01   5.3222529e-01   4.5087210e-01
   1.4470000e+01   5.2920269e-01   6.5166838e-01
   1.4480000e+01   5.2624438e-01   7.0149486e-01
   1.4490000e+01   5.2335100e-01   3.3499507e-01
   1.4500000e+01   5.2052318e-01   2.3024634e-01
   1.4510000e+01   5.1776151e-01   4.9080512e-01
   1.4520000e+01   5.1506659e-01   7.0709745e-01
   1.4530000e+01   5.1243898e-01   4.6079047e-01
   1.4540000e+01   5.0987922e-01   5.3839343e-01
   1.4550000e+01   5.0738786e-01   5.5293221e-01
   1.4560000e+01   5.0496541e-01   5.8767034e-01
   1.4570000e+01   5.0261235e-01   5.8049326e-01
   1.4580000e+01   5.0032917e-01   6.9738966e-01
   1.4590000e+01   4.9811632e-01   5.7838505e-01
   1.4600000e+01   4.9597424e-01   5.1459218e-01
   1.4610000e+01   4.9390335e-01   3.5862744e-01
   1.4620000e+01   4.9190404e-01   5.4591282e-01
   1.4630000e+01   4.8997671e-01   7.1198893e-01
   1.4640000e+01   4.8812171e-01   4.7780735e-01
   1.4650000e+01   4.8633938e-01   5.0570401e-01
   1.4660000e+01   4.8463005e-01   6.7287790e-01
   1.4670000e+01   4.8299403e-01   6.1653000e-01
   1.4680000e+01   4.8143159e-01   4.4872656e-01
   1.4690000e+01   4.7994300e-01   3.5038189e-01
   1.4700000e+01   4.7852852e-01   4.5737687e-01
   1.4710000e+01   4.7718835e-01   6.4018911e-01
   1.4720000e+01   4.7592272e-01   5.6838555e-01
   1.4730000e+01   4.7473181e-01   4.9529372e-01
   1.4740000e+01   4.7361578e-01   4.9804056e-01
   1.4750000e+01   4.7257479e-01   5.5632331e-01
   1.4760000e+01   4.7160895e-01   5.4868527e-01
   1.4770000e+01   4.7071839e-01   5.1592900e-01
   1.4780000e+01   4.6990319e-01   4.5034374e-01
   1.4790000e+01   4.6916342e-01   4.0964391e-01
   1.4800000e+01   4.6849912e-01   6.7102983e-01
   1.4810000e+01   4.6791034e-01   4.8920917e-01
   1.4820000e+01   4.6739708e-01   5.4012263e-01
   1.4830000e+01   4.6695932e-01   2.9024298e-01
   1.4840000e+01   4.6659705e-01   5.3744080e-01
   1.4850000e+01   4.6631022e-01   4.9731033e-01
   1.4860000e+01   4.6609875e-01   5.1873784e-01
   1.4870000e+01   4.6596257e-01   5.1320458e-01
   1.4880000e+01   4.6590156e-01   5.1618036e-01
   1.4890000e+01   4.6591561e-01   4.0945079e-01
   1.4900000e+01   4.6600456e-01   7.4216379e-01
   1.4910000e+01   4.6616826e-01   3.3175612e-01
   1.4920000e+01   4.6640652e-01   4.6881962e-01
   1.4930000e+01   4.6671914e-01   4.2041587e-01
   1.4940000e+01   4.6710591e-01   4.8526388e-01
   1.4950000e+01   4.6756658e-01   6.1215508e-01
   1.4960000e+01   4.6810089e-01   4.4061466e-01
   1.4970000e+01   4.6870858e-01   1.9725536e-01
   1.4980000e+01   4.6938935e-01   4.9027994e-01
   1.4990000e+01   4.7014288e-01   4.2952490e-01
   1.5000000e+01   4.7096885e-01   4.8778071e-01
   1.5010000e+01   4.7186690e-01   6.2265690e-01
   1.5020000e+01   4.7283668e-01   2.8428165e-01
   1.5030000e+01   4.7387779e-01   4.7857006e-01
   1.5040000e+01   4.7498984e-01   7.0342287e-01
   1.5050000e+01   4.7617240e-01   5.7875189e-01
   1.5060000e+01   4.7742505e-01   4.9930236e-01
   1.5070000e+01   4.7874732e-01   4.5226421e-01
   1.5080000e+01   4.8013875e-01   4.4901198e-01
   1.5090000e+01   4.8159885e-01   4.4680872e-01
   1.5100000e+01   4.8312712e-01   7.2415844e-01
   1.5110000e+01   4.8472303e-01   4.1084133e-01
   1.5120000e+01   4.8638605e-01   2.9149657e-01
   1.5130000e+01   4.8811563e-01   4.9977117e-01
   1.5140000e+01   4.8991120e-01   6.6179986e-01
   1.5150000e+01   4.9177217e-01   5.9886259e-01
   1.5160000e+01   4.9369794e-01   3.0882748e-01
   1.5170000e+01   4.9568791e-01   4.2277166e-01
   1.5180000e+01   4.9774143e-01   6.1405068e-01
   1.5190000e+01   4.9985786e-01   6.0165248e-01
   1.5200000e+01   5.0203655e-01   5.8429627e-01
   1.5210000e+01   5.0427681e-01   4.6941102e-01
   1.5220000e+01   5.0657797e-01   5.8044946e-01
   1.5230000e+01   5.0893931e-01   5.9209259e-01
   1.5240000e+01   5.1136012e-01   5.7712682e-01
   1.5250000e+01   5.1383967e-01   4.1672276e-01
   1.5260000e+01   5.1637721e-01   4.0460796e-01
   1.5270000e+01   5.1897200e-01   2.6861938e-01
   1.5280000e+01   5.2162326e-01   6.3987904e-01
   1.5290000e+01   5.2433020e-01   5.6768825e-01
   1.5300000e+01   5.2709203e-01   4.1274170e-01
   1.5310000e+01   5.2990795e-01   1.6025181e-01
   1.5320000e+01   5.3277714e-01   3.5554331e-01
   1.5330000e+01   5.3569877e-01   5.6806824e-01
   1.5340000e+01   5.3867198e-01   4.6734266e-01
   1.5350000e+01   5.4169594e-01   5.7503231e-01
   1.5360000e+01   5.4476978e-01   3.9670835e-01
   1.5370000e+01   5.4789262e-01   3.6740504e-01
   1.5380000e+01   5.5106358e-01   7.5461939e-01
   1.5390000e+01   5.5428177e-01   6.2547519e-01
   1.5400000e+01   5.5754627e-01   4.4927995e-01
   1.5410000e+01   5.6085617e-01   2.5692044e-01
   1.5420000e+01   5.6421056e-01   5.6421608e-01
   1.5430000e+01   5.6760850e-01   6.0483256e-01
   1.5440000e+01   5.7104905e-01   6.2371133e-01
   1.5450000e+01   5.7453126e-01   3.9647597e-01
   1.5460000e+01   5.7805416e-01   5.6625472e-01
   1.5470000e+01   5.8161681e-01   6.0029865e-01
   1.5480000e+01   5.8521822e-01   5.7167351e-01
   1.5490000e+01   5.8885741e-01   5.6571765e-01
   1.5500000e+01   5.9253340e-01   5.0192874e-01
   1.5510000e+01   5.9624519e-01   4.0220182e-01
   1.5520000e+01   5.9999179e-01   6.1734757e-01
   1.5530000e+01   6.0377218e-01   5.7038259e-01
   1.5540000e+01   6.0758536e-01   5.2740970e-01
   1.5550000e+01   6.1143031e-01   6.1991501e-01
   1.5560000e+01   6.1530600e-01   5.8876463e-01
   1.5570000e+01   6.1921141e-01   7.3346375e-01
   1.5580000e+01   6.2314551e-01   6.6778452e-01
   1.5590000e+01   6.2710726e-01   5.6286436e-01
   1.5600000e+01   6.3109563e-01   6.3185287e-01
   1.5610000e+01   6.3510955e-01   7.2322080e-01
   1.5620000e+01   6.3914800e-01   7.8742346e-01
   1.5630000e+01   6.4320992e-01   5.4089847e-01
   1.5640000e+01   6.4729426e-01   5.4693024e-01
   1.5650000e+01   6.5139996e-01   6.6055668e-01
   1.5660000e+01   6.5552597e-01   4.7177819e-01
   1.5670000e+01   6.5967122e-01   6.4392691e-01
   1.5680000e+01   6.6383465e-01   4.3977342e-01
   1.5690000e+01   6.6801521e-01   5.9878438e-01
   1.5700000e+01   6.7221183e-01   4.8170943e-01
   1.5710000e+01   6.7642344e-01   5.7963530e-01
   1.5720000e+01   6.8064899e-01   7.7084881e-01
   1.5730000e+01   6.8488740e-01   7.3260337e-01
   1.5740000e+01   6.8913763e-01   5.9676668e-01
   1.5750000e+01   6.9339859e-01   6.1076737e-01
   1.5760000e+01   6.9766923e-01   7.4509764e-01
   1.5770000e+01   7.0194849e-01   5.2703846e-01
   1.5780000e+01   7.0623531e-01   5.9292316e-01
   1.5790000e+01   7.1052864e-01   5.8015365e-01
   1.5800000e+01   7.1482740e-01   9.3874115e-01
   1.5810000e+01   7.1913057e-01   7.8098291e-01
   1.5820000e+01   7.2343707e-01   6.9757467e-01
   1.5830000e+01   7.2774586e-01   7.9363860e-01
   1.5840000e+01   7.3205591e-01   6.5278329e-01
   1.5850000e+01   7.3636617e-01   6.4913897e-01
   1.5860000e+01   7.4067559e-01   7.1697202e-01
   1.5870000e+01   7.4498315e-01   7.8367776e-01
   1.5880000e+01   7.4928783e-01   7.6484745e-01
   1.5890000e+01   7.5358858e-01   7.1648551e-01
   1.5900000e+01   7.5788441e-01   7.7083628e-01
   1.5910000e+01   7.6217428e-01   9.4679863e-01
   1.5920000e+01   7.6645720e-01   7.0153176e-01
   1.5930000e+01   7.7073216e-01   5.7882892e-01
   1.5940000e+01   7.7499816e-01   1.0006488e+00
   1.5950000e+01   7.7925421e-01   9.3579842e-01
   1.5960000e+01   7.8349933e-01   7.5594728e-01
   1.5970000e+01   7.8773255e-01   6.7112494e-01
   1.5980000e+01   7.9195288e-01   6.5627187e-01
   1.5990000e+01   7.9615937e-01   8.8539807e-01
   1.6000000e+01   8.0035107e-01   8.1920369e-01
   1.6010000e+01   8.0452702e-01   4.9714027e-01
   1.6020000e+01   8.0868628e-01   7.9007628e-01
   1.6030000e+01   8.1282793e-01   6.4450759e-01
   1.6040000e+01   8.1695104e-01   8.9579340e-01
   1.6050000e+01   8.2105470e-01   9.8549795e-01
   1.6060000e+01   8.2513800e-01   7.8926093e-01
   1.6070000e+01   8.2920005e-01   5.2705235e-01
   1.6080000e+01   8.3323996e-01   8.0846856e-01
   1.6090000e+01   8.3725686e-01   9.0805060e-01
   1.6100000e+01   8.4124987e-01   9.5136111e-01
   1.6110000e+01   8.4521815e-01   8.6485877e-01
   1.6120000e+01   8.4916084e-01   6.5291885e-01
   1.6130000e+01   8.5307711e-01   8.5836438e-01
   1.6140000e+01   8.5696614e-01   9.0959717e-01
   1.6150000e+01   8.6082711e-01   9.3989648e-01
   1.6160000e+01   8.6465922e-01   6.9447927e-01
   1.6170000e+01   8.6846168e-01   7.8656787e-01
   1.6180000e+01   8.7223370e-01   9.1804454e-01
   1.6190000e+01   8.7597453e-01   9.3367084e-01
   1.6200000e+01   8.7968341e-01   9.5778020e-01
   1.6210000e+01   8.8335958e-01   8.6301213e-01
   1.6220000e+01   8.8700233e-01   7.0193391e-01
   1.6230000e+01   8.9061092e-01   9.2801143e-01
   1.6240000e+01   8.9418466e-01   1.0038811e+00
   1.6250000e+01   8.9772286e-01   8.5671789e-01
   1.6260000e+01   9.0122482e-01   9.6620305e-01
   1.6270000e+01   9.0468988e-01   8.7023320e-01
   1.6280000e+01   9.0811740e-01   1.1136002e+00
   1.6290000e+01   9.1150672e-01   9.6842137e-01
   1.6300000e+01   9.1485722e-01   8.7784078e-01
   1.6310000e+01   9.1816829e-01   8.5855005e-01
   1.6320000e+01   9.2143933e-01   8.3516336e-01
   1.6330000e+01   9.2466975e-01   1.0090455e+00
   1.6340000e+01   9.2785897e-01   1.0995747e+00
   1.6350000e+01   9.3100645e-01   9.4053818e-01
   1.6360000e+01   9.3411164e-01   8.4664345e-01
   1.6370000e+01   9.3717401e-01   1.0386999e+00
   1.6380000e+01   9.4019304e-01   9.6321463e-01
   1.6390000e+01   9.4316824e-01   1.0985135e+00
   1.6400000e+01   9.4609911e-01   7.3227465e-01
   1.6410000e+01   9.4898520e-01   8.7989339e-01
   1.6420000e+01   9.5182605e-01   8.5375115e-01
   1.6430000e+01   9.5462121e-01   1.1496773e+00
   1.6440000e+01   9.5737025e-01   9.0370443e-01
   1.6450000e+01   9.6007278e-01   8.4371928e-01
   1.6460000e+01   9.6272839e-01   1.0311649e+00
   1.6470000e+01   9.6533671e-01   9.6255258e-01
   1.6480000e+01   9.6789737e-01   1.0741541e+00
   1.6490000e+01   9.7041002e-01   9.0279511e-01
   1.6500000e+01   9.7287432e-01   1.0035168e+00
   1.6510000e+01   9.7528997e-01   9.9847393e-01
   1.6520000e+01   9.7765665e-01   1.1253379e+00
   1.6530000e+01   9.7997408e-01   1.0627125e+00
   1.6540000e+01   9.8224200e-01   9.6284326e-01
   1.6550000e+01   9.8446013e-01   7.8420530e-01
   1.6560000e+01   9.8662825e-01   1.1833031e+00
   1.6570000e+01   9.8874613e-01   9.2404536e-01
   1.6580000e+01   9.9081355e-01   1.1191517e+00
   1.6590000e+01   9.9283033e-01   1.0615232e+00
   1.6600000e+01   9.9479629e-01   7.7770125e-01
   1.6610000e+01   9.9671127e-01   9.8842660e-01
   1.6620000e+01   9.9857511e-01   1.0703475e+00
   1.6630000e+01   1.0003877e+00   8.1468689e-01
   1.6640000e+01   1.0021489e+00   8.9799341e-01
   1.6650000e+01   1.0038586e+00   9.5823335e-01
   1.6660000e+01   1.0055168e+00   1.1429393e+00
   1.6670000e+01   1.0071234e+00   1.0019772e+00
   1.6680000e+01   1.0086782e+00   9.8601880e-01
   1.6690000e+01   1.0101814e+00   8.5627478e-01
   1.6700000e+01   1.0116328e+00   8.7139017e-01
   1.6710000e+01   1.0130324e+00   1.1053952e+00
   1.6720000e+01   1.0143803e+00   1.1993455e+00
   1.6730000e+01   1.0156765e+00   8.5063884e-01
   1.6740000e+01   1.0169211e+00   9.6569209e-01
   1.6750000e+01   1.0181140e+00   1.2402712e+00
   1.6760000e+01   1.0192553e+00   9.3752855e-01
   1.6770000e+01   1.0203452e+00   1.0146675e+00
   1.6780000e+01   1.0213837e+00   1.2272411e+00
   1.6790000e+01   1.0223710e+00   9.8371323e-01
   1.6800000e+01   1.0233071e+00   9.3293540e-01
   1.6810000e+01   1.0241922e+00   1.2313590e+00
   1.6820000e+01   1.0250266e+00   8.6346081e-01
   1.6830000e+01   1.0258102e+00   9.0046752e-01
   1.6840000e+01   1.0265434e+00   9.9896273e-01
   1.6850000e+01   1.0272263e+00   1.1970518e+00
   1.6860000e+01   1.0278592e+00   1.2561012e+00
   1.6870000e+01   1.0284423e+00   8.7971388e-01
   1.6880000e+01   1.0289757e+00   9.0001836e-01
   1.6890000e+01   1.0294599e+00   1.0681849e+00
   1.6900000e+01   1.0298949e+00   1.2683887e+00
   1.6910000e+01   1.0302812e+00   1.0577497e+00
   1.6920000e+01   1.0306191e+00   8.9281673e-01
   1.6930000e+01   1.0309087e+00   9.0796829e-01
   1.6940000e+01   1.0311505e+00   1.1127450e+00
   1.6950000e+01   1.0313448e+00   1.1764500e+00
   1.6960000e+01   1.0314920e+00   1.2785597e+00
   1.6970000e+01   1.0315923e+00   8.4318864e-01
   1.6980000e+01   1.0316462e+00   7.3883327e-01
   1.6990000e+01   1.0316541e+00   1.1143208e+00
   1.7000000e+01   1.0316163e+00   1.1011477e+00
   1.7010000e+01   1.0315333e+00   1.2077372e+00
   1.7020000e+01   1.0314055e+00   9.0994502e-01
   1.7030000e+01   1.0312333e+00   1.0350867e+00
   1.7040000e+01   1.0310172e+00   1.0665167e+00
   1.7050000e+01   1.0307575e+00   9.5479559e-01
   1.7060000e+01   1.0304549e+00   1.0543266e+00
   1.7070000e+01   1.0301097e+00   9.9735797e-01
   1.7080000e+01   1.0297225e+00   9.8122548e-01
   1.7090000e+01   1.0292937e+00   9.7551529e-01
   1.7100000e+01   1.0288238e+00   9.9522718e-01
   1.7110000e+01   1.0283135e+00   1.3055193e+00
   1.7120000e+01   1.0277631e+00   1.0047514e+00
   1.7130000e+01   1.0271733e+00   1.1206886e+00
   1.7140000e+01   1.0265446e+00   1.2842144e+00
   1.7150000e+01   1.0258775e+00   1.0576458e+00
   1.7160000e+01   1.0251726e+00   8.5547607e-01
   1.7170000e+01   1.0244305e+00   1.0892791e+00
   1.7180000e+01   1.0236518e+00   8.8927539e-01
   1.7190000e+01   1.0228370e+00   1.1914890e+00
   1.7200000e+01   1.0219868e+00   1.1613604e+00
   1.7210000e+01   1.0211017e+00   9.8799048e-01
   1.7220000e+01   1.0201824e+00   9.3258399e-01
   1.7230000e+01   1.0192296e+00   1.1924044e+00
   1.7240000e+01   1.0182437e+00   1.1134971e+00
   1.7250000e+01   1.0172256e+00   7.9490446e-01
   1.7260000e+01   1.0161757e+00   8.0866894e-01
   1.7270000e+01   1.0150948e+00   1.0482686e+00
   1.7280000e+01   1.0139836e+00   9.4685527e-01
   1.7290000e+01   1.0128426e+00   1.1335208e+00
   1.7300000e+01   1.0116725e+00   8.8402742e-01
   1.7310000e+01   1.0104741e+00   1.0640379e+00
   1.7320000e+01   1.0092480e+00   8.7921335e-01
   1.7330000e+01   1.0079949e+00   1.1015352e+00
   1.7340000e+01   1.0067155e+00   9.7881178e-01
   1.7350000e+01   1.0054104e+00   9.7517071e-01
   1.7360000e+01   1.0040804e+00   9.1299529e-01
   1.7370000e+01   1.0027262e+00   1.0830789e+00
   1.7380000e+01   1.0013485e+00   1.0652917e+00
   1.7390000e+01   9.9994795e-01   1.0479538e+00
   1.7400000e+01   9.9852532e-01   8.1247779e-01
   1.7410000e+01   9.9708133e-01   9.2025170e-01
   1.7420000e+01   9.9561668e-01   9.7246345e-01
   1.7430000e+01   9.9413209e-01   1.0725478e+00
   1.7440000e+01   9.9262831e-01   1.0251098e+00
   1.7450000e+01   9.9110605e-01   7.7111650e-01
   1.7460000e+01   9.8956604e-01   8.8473090e-01
   1.7470000e+01   9.8800902e-01   1.0445399e+00
   1.7480000e+01   9.8643571e-01   1.0965650e+00
   1.7490000e+01   9.8484686e-01   9.9043596e-01
   1.7500000e+01   9.8324320e-01   8.0450532e-01
   1.7510000e+01   9.8162547e-01   9.8715507e-01
   1.7520000e+01   9.7999439e-01   1.1008811e+00
   1.7530000e+01   9.7835072e-01   1.0575417e+00
   1.7540000e+01   9.7669519e-01   8.4538282e-01
   1.7550000e+01   9.7502852e-01   9.0008223e-01
   1.7560000e+01   9.7335148e-01   1.1092626e+00
   1.7570000e+01   9.7166477e-01   1.1963183e+00
   1.7580000e+01   9.6996916e-01   1.1591013e+00
   1.7590000e+01   9.6826536e-01   9.9756053e-01
   1.7600000e+01   9.6655411e-01   9.9701557e-01
   1.7610000e+01   9.6483614e-01   9.3584598e-01
   1.7620000e+01   9.6311218e-01   1.0848408e+00
   1.7630000e+01   9.6138296e-01   9.4185375e-01
   1.7640000e+01   9.5964921e-01   1.0137850e+00
   1.7650000e+01   9.5791164e-01   8.3995425e-01
   1.7660000e+01   9.5617098e-01   1.0429300e+00
   1.7670000e+01   9.5442794e-01   1.0061075e+00
   1.7680000e+01   9.5268324e-01   1.0422829e+00
   1.7690000e+01   9.5093759e-01   8.8112297e-01
   1.7700000e+01   9.4919169e-01   8.5330835e-01
   1.7710000e+01   9.4744625e-01   9.2035779e-01
   1.7720000e+01   9.4570197e-01   9.6479812e-01
   1.7730000e+01   9.4395954e-01   8.6779998e-01
   1.7740000e+01   9.4221965e-01   8.2235242e-01
   1.7750000e+01   9.4048299e-01   8.2848979e-01
   1.7760000e+01   9.3875023e-01   1.3127532e+00
   1.7770000e+01   9.3702206e-01   1.0122735e+00
   1.7780000e+01   9.3529914e-01   8.7757808e-01
   1.7790000e+01   9.3358214e-01   8.1002945e-01
   1.7800000e+01   9.3187172e-01   9.2776239e-01
   1.7810000e+01   9.3016852e-01   1.0646090e+00
   1.7820000e+01   9.2847321e-01   9.2022248e-01
   1.7830000e+01   9.2678641e-01   7.5956150e-01
   1.7840000e+01   9.2510876e-01   9.1272106e-01
   1.7850000e+01   9.2344089e-01   1.0554433e+00
   1.7860000e+01   9.2178343e-01   9.3917234e-01
   1.7870000e+01   9.2013697e-01   8.6360703e-01
   1.7880000e+01   9.1850214e-01   7.0065382e-01
   1.7890000e+01   9.1687953e-01   7.9453898e-01
   1.7900000e+01   9.1526972e-01   1.0038832e+00
   1.7910000e+01   9.1367331e-01   9.4174064e-01
   1.7920000e+01   9.1209087e-01   8.7171811e-01
   1.7930000e+01   9.1052297e-01   8.0308213e-01
   1.7940000e+01   9.0897017e-01   9.2037483e-01
   1.7950000e+01   9.0743302e-01   1.1400274e+00
   1.7960000e+01   9.0591206e-01   9.7963138e-01
   1.7970000e+01   9.0440782e-01   8.1775400e-01
   1.7980000e+01   9.0292084e-01   8.5248456e-01
   1.7990000e+01   9.0145162e-01   9.1253687e-01
   1.8000000e+01   9.0000068e-01   9.6401940e-01
   1.8010000e+01   8.9856852e-01   1.0999098e+00
   1.8020000e+01   8.9715561e-01   8.1919475e-01
   1.8030000e+01   8.9576245e-01   8.2167756e-01
   1.8040000e+01   8.9438949e-01   1.0417117e+00
   1.8050000e+01   8.9303721e-01   9.7181599e-01
   1.8060000e+01   8.9170605e-01   9.0198685e-01
   1.8070000e+01   8.9039645e-01   8.2881641e-01
   1.8080000e+01   8.8910883e-01   1.0494009e+00
   1.8090000e+01   8.8784363e-01   8.8585073e-01
   1.8100000e+01   8.8660125e-01   9.6582851e-01
   1.8110000e+01   8.8538209e-01   9.0493391e-01
   1.8120000e+01   8.8418654e-01   8.3254071e-01
   1.8130000e+01   8.8301497e-01   9.2930867e-01
   1.8140000e+01   8.8186776e-01   8.7195441e-01
   1.8150000e+01   8.8074526e-01   1.2656906e+00
   1.8160000e+01   8.7964781e-01   9.2871992e-01
   1.8170000e+01   8.7857576e-01   1.0182877e+00
   1.8180000e+01   8.7752942e-01   9.6124967e-01
   1.8190000e+01   8.7650911e-01   1.1274334e+00
   1.8200000e+01   8.7551513e-01   9.6832722e-01
   1.8210000e+01   8.7454777e-01   8.8275648e-01
   1.8220000e+01   8.7360731e-01   7.2775085e-01
   1.8230000e+01   8.7269402e-01   9.6587332e-01
   1.8240000e+01   8.7180815e-01   9.0963260e-01
   1.8250000e+01   8.7094996e-01   9.6717478e-01
   1.8260000e+01   8.7011967e-01   8.8084674e-01
   1.8270000e+01   8.6931752e-01   7.7792817e-01
   1.8280000e+01   8.6854370e-01   1.0292627e+00
   1.8290000e+01   8.6779842e-01   7.7701747e-01
   1.8300000e+01   8.6708188e-01   7.6432204e-01
   1.8310000e+01   8.6639423e-01   7.6759444e-01
   1.8320000e+01   8.6573566e-01   7.3677599e-01
   1.8330000e+01   8.6510631e-01   1.1232226e+00
   1.8340000e+01   8.6450633e-01   1.0952147e+00
   1.8350000e+01   8.6393585e-01   8.8644888e-01
   1.8360000e+01   8.6339498e-01   9.2568482e-01
   1.8370000e+01   8.6288384e-01   9.6296232e-01
   1.8380000e+01   8.6240251e-01   9.3965825e-01
   1.8390000e+01   8.6195109e-01   8.3725451e-01
   1.8400000e+01   8.6152965e-01   8.3600168e-01
   1.8410000e+01   8.6113824e-01   7.0539394e-01
   1.8420000e+01   8.6077693e-01   1.1940616e+00
   1.8430000e+01   8.6044574e-01   1.0596840e+00
   1.8440000e+01   8.6014470e-01   9.5028854e-01
   1.8450000e+01   8.5987383e-01   6.0361267e-01
   1.8460000e+01   8.5963314e-01   8.2207324e-01
   1.8470000e+01   8.5942261e-01   8.1655499e-01
   1.8480000e+01   8.5924223e-01   9.2947097e-01
   1.8490000e+01   8.5909196e-01   8.6153111e-01
   1.8500000e+01   8.5897178e-01   5.1973292e-01
   1.8510000e+01   8.5888162e-01   8.3060236e-01
   1.8520000e+01   8.5882143e-01   8.5823555e-01
   1.8530000e+01   8.5879112e-01   1.0279731e+00
   1.8540000e+01   8.5879062e-01   6.2336945e-01
   1.8550000e+01   8.5881983e-01   5.7180484e-01
   1.8560000e+01   8.5887864e-01   8.1021733e-01
   1.8570000e+01   8.5896694e-01   9.4455414e-01
   1.8580000e+01   8.5908460e-01   8.2165655e-01
   1.8590000e+01   8.5923148e-01   8.8139955e-01
   1.8600000e+01   8.5940743e-01   7.3546395e-01
   1.8610000e+01   8.5961230e-01   9.2494510e-01
   1.8620000e+01   8.5984591e-01   9.7126609e-01
   1.8630000e+01   8.6010809e-01   8.4426497e-01
   1.8640000e+01   8.6039865e-01   7.8324334e-01
   1.8650000e+01   8.6071738e-01   9.0341383e-01
   1.8660000e+01   8.6106409e-01   8.8704857e-01
   1.8670000e+01   8.6143855e-01   9.0059609e-01
   1.8680000e+01   8.6184054e-01   8.9471918e-01
   1.8690000e+01   8.6226981e-01   7.6631725e-01
   1.8700000e+01   8.6272612e-01   7.4591289e-01
   1.8710000e+01   8.6320922e-01   8.4661490e-01
   1.8720000e+01   8.6371884e-01   9.0798373e-01
   1.8730000e+01   8.6425471e-01   8.1246660e-01
   1.8740000e+01   8.6481654e-01   6.6480144e-01
   1.8750000e+01   8.6540405e-01   7.4610931e-01
   1.8760000e+01   8.6601694e-01   7.6413922e-01
   1.8770000e+01   8.6665489e-01   1.0288029e+00
   1.8780000e+01   8.6731759e-01   8.5753442e-01
   1.8790000e+01   8.6800472e-01   8.0903889e-01
   1.8800000e+01   8.6871594e-01   7.4840363e-01
   1.8810000e+01   8.6945092e-01   7.7256350e-01
   1.8820000e+01   8.7020931e-01   8.7109671e-01
   1.8830000e+01   8.7099075e-01   1.0728997e+00
   1.8840000e+01   8.7179488e-01   9.2498552e-01
   1.8850000e+01   8.7262134e-01   8.4584073e-01
   1.8860000e+01   8.7346974e-01   1.0443328e+00
   1.8870000e+01   8.7433971e-01   7.7917957e-01
   1.8880000e+01   8.7523085e-01   9.0894772e-01
   1.8890000e+01   8.7614277e-01   6.9356238e-01
   1.8900000e+01   8.7707507e-01   1.0397169e+00
   1.8910000e+01   8.7802734e-01   1.1260961e+00
   1.8920000e+01   8.7899916e-01   8.6904036e-01
   1.8930000e+01   8.7999012e-01   7.7574856e-01
   1.8940000e+01   8.8099978e-01   8.4190824e-01
   1.8950000e+01   8.8202773e-01   9.9343205e-01
   1.8960000e+01   8.8307352e-01   8.4894558e-01
   1.8970000e+01   8.8413671e-01   6.9602179e-01
   1.8980000e+01   8.8521686e-01   8.0903242e-01
   1.8990000e+01   8.8631352e-01   8.6674469e-01
   1.9000000e+01   8.8742623e-01   8.7639267e-01
   1.9010000e+01   8.8855453e-01   8.1746644e-01
   1.9020000e+01   8.8969796e-01   6.7176449e-01
   1.9030000e+01   8.9085606e-01   8.4577593e-01
   1.9040000e+01   8.9202835e-01   8.2466997e-01
   1.9050000e+01   8.9321436e-01   1.1354723e+00
   1.9060000e+01   8.9441361e-01   8.4249080e-01
   1.9070000e+01   8.9562563e-01   7.5941888e-01
   1.9080000e+01   8.9684992e-01   6.2728671e-01
   1.9090000e+01   8.9808601e-01   9.4808714e-01
   1.9100000e+01   8.9933341e-01   9.3028929e-01
   1.9110000e+01   9.0059162e-01   1.0023640e+00
   1.9120000e+01   9.0186015e-01   8.5790598e-01
   1.9130000e+01   9.0313851e-01   8.1483320e-01
   1.9140000e+01   9.0442620e-01   6.7584683e-01
   1.9150000e+01   9.0572273e-01   1.0171872e+00
   1.9160000e+01   9.0702760e-01   9.0383994e-01
   1.9170000e+01   9.0834030e-01   5.5225716e-01
   1.9180000e+01   9.0966033e-01   1.0327736e+00
   1.9190000e+01   9.1098721e-01   9.1243477e-01
   1.9200000e+01   9.1232041e-01   1.1603087e+00
   1.9210000e+01   9.1365944e-01   7.5158236e-01
   1.9220000e+01   9.1500381e-01   7.6940683e-01
   1.9230000e+01   9.1635299e-01   9.2949617e-01
   1.9240000e+01   9.1770651e-01   7.9488176e-01
   1.9250000e+01   9.1906385e-01   8.1701559e-01
   1.9260000e+01   9.2042451e-01   8.2812451e-01
   1.9270000e+01   9.2178799e-01   7.7600406e-01
   1.9280000e+01   9.2315380e-01   1.1010719e+00
   1.9290000e+01   9.2452144e-01   1.2202689e+00
   1.9300000e+01   9.2589041e-01   8.9575058e-01
   1.9310000e+01   9.2726022e-01   7.9349005e-01
   1.9320000e+01   9.2863038e-01   9.7055791e-01
   1.9330000e+01   9.3000039e-01   1.0218550e+00
   1.9340000e+01   9.3136978e-01   1.0051821e+00
   1.9350000e+01   9.3273805e-01   8.7146419e-01
   1.9360000e+01   9.3410472e-01   9.4091601e-01
   1.9370000e+01   9.3546932e-01   1.0279758e+00
   1.9380000e+01   9.3683137e-01   1.1979646e+00
   1.9390000e+01   9.3819039e-01   1.1862501e+00
   1.9400000e+01   9.3954591e-01   6.9442735e-01
   1.9410000e+01   9.4089748e-01   8.4072201e-01
   1.9420000e+01   9.4224462e-01   1.0582780e+00
   1.9430000e+01   9.4358687e-01   9.6391209e-01
   1.9440000e+01   9.4492380e-01   9.6268587e-01
   1.9450000e+01   9.4625493e-01   8.2147136e-01
   1.9460000e+01   9.4757984e-01   8.6298619e-01
   1.9470000e+01   9.4889808e-01   9.9151851e-01
   1.9480000e+01   9.5020920e-01   1.1872298e+00
   1.9490000e+01   9.5151279e-01   7.6013216e-01
   1.9500000e+01   9.5280842e-01   8.7045620e-01
   1.9510000e+01   9.5409566e-01   1.0320958e+00
   1.9520000e+01   9.5537410e-01   1.1183066e+00
   1.9530000e+01   9.5664334e-01   1.2150216e+00
   1.9540000e+01   9.5790296e-01   9.5222077e-01
   1.9550000e+01   9.5915258e-01   7.5960191e-01
   1.9560000e+01   9.6039179e-01   9.7948114e-01
   1.9570000e+01   9.6162023e-01   1.0065651e+00
   1.9580000e+01   9.6283749e-01   9.9911887e-01
   1.9590000e+01   9.6404323e-01   9.1289505e-01
   1.9600000e+01   9.6523706e-01   1.0042694e+00
   1.9610000e+01   9.6641864e-01   1.0318586e+00
   1.9620000e+01   9.6758761e-01   1.2395581e+00
   1.9630000e+01   9.6874362e-01   1.0405195e+00
   1.9640000e+01   9.6988634e-01   8.3411064e-01
   1.9650000e+01   9.7101544e-01   9.7037212e-01
   1.9660000e+01   9.7213060e-01   1.0408891e+00
   1.9670000e+01   9.7323151e-01   9.7370240e-01
   1.9680000e+01   9.7431785e-01   1.0757507e+00
   1.9690000e+01   9.7538932e-01   8.8393987e-01
   1.9700000e+01   9.7644565e-01   1.0461060e+00
   1.9710000e+01   9.7748654e-01   1.1782685e+00
   1.9720000e+01   9.7851171e-01   9.8890858e-01
   1.9730000e+01   9.7952092e-01   1.1142967e+00
   1.9740000e+01   9.8051388e-01   9.5117837e-01
   1.9750000e+01   9.8149037e-01   8.6590313e-01
   1.9760000e+01   9.8245013e-01   1.0893457e+00
   1.9770000e+01   9.8339293e-01   8.8310373e-01
   1.9780000e+01   9.8431856e-01   8.0874353e-01
   1.9790000e+01   9.8522679e-01   9.4715308e-01
   1.9800000e+01   9.8611742e-01   1.1535688e+00
   1.9810000e+01   9.8699025e-01   8.8146317e-01
   1.9820000e+01   9.8784511e-01   9.7350656e-01
   1.9830000e+01   9.8868180e-01   9.2883410e-01
   1.9840000e+01   9.8950016e-01   9.3249836e-01
   1.9850000e+01   9.9030003e-01   1.0781165e+00
   1.9860000e+01   9.9108127e-01   1.0712389e+00
   1.9870000e+01   9.9184372e-01   1.0621986e+00
   1.9880000e+01   9.9258726e-01   8.9684271e-01
   1.9890000e+01   9.9331177e-01   9.3176242e-01
   1.9900000e+01   9.9401713e-01   9.8439398e-01
   1.9910000e+01   9.9470325e-01   9.3829719e-01
   1.9920000e+01   9.9537002e-01   8.3855018e-01
   1.9930000e+01   9.9601737e-01   9.4120239e-01
   1.9940000e+01   9.9664523e-01   9.2274347e-01
   1.9950000e+01   9.9725352e-01   1.0881418e+00
   1.9960000e+01   9.9784219e-01   1.1042450e+00
   1.9970000e+01   9.9841121e-01   9.7285509e-01
   1.9980000e+01   9.9896053e-01   1.0972987e+00
   1.9990000e+01   9.9949013e-01   9.6906437e-01
   2.0000000e+01   1.0000000e+00   1.3924877e+00