   1.2245455e+02   1.2940814e+02
   1.2218182e+02   1.6559915e+02
   1.2190909e+02   1.4629488e+02
   1.2136364e+02   1.0658075e+02
   1.2081818e+02   9.1783172e+01
   1.2009091e+02   1.1614918e+02
   1.1936364e+02   1.2359544e+02
   1.1854545e+02   1.3721082e+02
   1.1781818e+02   1.1426286e+02
   1.1700000e+02   9.1111428e+01
   1.1618182e+02   9.5961903e+01
   1.1545455e+02   1.1699292e+02
   1.1463636e+02   1.3185418e+02
   1.1381818e+02   1.2172409e+02
   1.1318182e+02   9.7767125e+01
   1.1254545e+02   1.0140031e+02
   1.1209091e+02   1.3829053e+02
   1.1163636e+02   1.3521067e+02
   1.1127273e+02   9.4518203e+01
   1.1090909e+02   1.0821891e+02
   1.1054545e+02   1.0931839e+02
   1.1018182e+02   1.1207227e+02
   1.0990909e+02   9.7789983e+01
   1.0972727e+02   7.7088805e+01
   1.0945455e+02   1.1170968e+02
   1.0927273e+02   1.0746950e+02
   1.0909091e+02   1.2463859e+02
   1.0890909e+02   1.0932868e+02
   1.0872727e+02   6.7139519e+01
   1.0854545e+02   1.0208173e+02
   1.0836364e+02   1.2423981e+02
   1.0827273e+02   1.4012619e+02
   1.0818182e+02   1.0804573e+02
   1.0809091e+02   8.0445960e+01
   1.0800000e+02   8.6409593e+01
   1.0800000e+02   9.0737702e+01
   1.0800000e+02   1.4838757e+02
   1.0800000e+02   1.1118916e+02
   1.0800000e+02   8.3457540e+01
   1.0800000e+02   8.4824274e+01
   1.0800000e+02   1.1410447e+02
   1.0800000e+02   1.3022957e+02
   1.0800000e+02   1.4083548e+02
   1.0800000e+02   8.7079092e+01
   1.0800000e+02   7.7595352e+01
   1.0800000e+02   1.0778891e+02
   1.0800000e+02   1.0815061e+02
   1.0800000e+02   1.4826279e+02
   1.0800000e+02   1.1564702e+02
   1.0800000e+02   7.4549646e+01
   1.0800000e+02   1.1243437e+02
   1.0800000e+02   1.2249539e+02
   1.0800000e+02   1.3149514e+02
   1.0800000e+02   1.1154755e+02
   1.0800000e+02   1.0098886e+02
   1.0800000e+02   1.1998784e+02
   1.0809091e+02   9.7975955e+01
   1.0818182e+02   9.0559314e+01
   1.0827273e+02   9.4933229e+01
   1.0836364e+02   1.0672263e+02
   1.0845455e+02   1.1022189e+02
   1.0854545e+02   1.2212296e+02
   1.0863636e+02   1.1057983e+02
   1.0872727e+02   1.0431853e+02
   1.0881818e+02   1.1174799e+02
   1.0890909e+02   1.1731609e+02
   1.0900000e+02   1.3247013e+02
   1.0900000e+02   1.1048413e+02
   1.0900000e+02   8.2109384e+01
   1.0900000e+02   8.8166105e+01
   1.0909091e+02   1.2646753e+02
   1.0918182e+02   1.4031858e+02
   1.0927273e+02   1.2764138e+02
   1.0936364e+02   7.1155561e+01
   1.0945455e+02   6.6875409e+01
   1.0954545e+02   1.2968002e+02
   1.0963636e+02   1.4217796e+02
   1.0972727e+02   1.1081161e+02
   1.0990909e+02   9.7466340e+01
   1.1009091e+02   6.1206364e+01
   1.1027273e+02   8.7715751e+01
   1.1036364e+02   1.3615370e+02
   1.1045455e+02   1.4657320e+02
   1.1054545e+02   1.2087948e+02
   1.1063636e+02   7.3766712e+01
   1.1072727e+02   1.1117730e+02
   1.1081818e+02   1.0072057e+02
   1.1090909e+02   1.4355664e+02
   1.1100000e+02   1.0195689e+02
   1.1109091e+02   9.6598682e+01
   1.1118182e+02   1.2892433e+02
   1.1127273e+02   1.1934510e+02
   1.1136364e+02   1.3870707e+02
   1.1145455e+02   1.0890836e+02
   1.1154545e+02   1.2894824e+02
   1.1163636e+02   1.1809803e+02
   1.1172727e+02   1.1428799e+02
   1.1181818e+02   8.8627712e+01
   1.1190909e+02   1.1056802e+02
   1.1200000e+02   1.0588194e+02
   1.1209091e+02   1.2161845e+02
   1.1218182e+02   1.4763736e+02
   1.1227273e+02   1.2399723e+02
   1.1236364e+02   7.9885728e+01
   1.1245455e+02   9.7611223e+01
   1.1254545e+02   1.0961038e+02
   1.1263636e+02   1.4992894e+02
   1.1281818e+02   1.1779218e+02
   1.1300000e+02   8.9484181e+01
   1.1318182e+02   8.4733117e+01
   1.1336364e+02   1.3097732e+02
   1.1345455e+02   1.5227163e+02
   1.1354545e+02   1.3826133e+02
   1.1363636e+02   1.0270642e+02
   1.1372727e+02   7.9548432e+01
   1.1381818e+02   8.3240216e+01
   1.1390909e+02   1.4756314e+02
   1.1409091e+02   1.4107867e+02
   1.1418182e+02   1.1597593e+02
   1.1427273e+02   8.7426093e+01
   1.1436364e+02   1.0832088e+02
   1.1445455e+02   1.4205096e+02
   1.1454545e+02   1.3696388e+02
   1.1463636e+02   1.0719242e+02
   1.1481818e+02   1.1129017e+02
   1.1500000e+02   9.3195528e+01
   1.1518182e+02   1.1538929e+02
   1.1536364e+02   1.3523030e+02
   1.1545455e+02   1.3081380e+02
   1.1554545e+02   1.0299084e+02
   1.1563636e+02   1.2093760e+02
   1.1572727e+02   1.2064609e+02
   1.1590909e+02   1.3452378e+02
   1.1609091e+02   1.1432196e+02
   1.1627273e+02   1.0874033e+02
   1.1636364e+02   1.2943520e+02
   1.1645455e+02   1.5441085e+02
   1.1654545e+02   1.0878903e+02
   1.1672727e+02   9.7064021e+01
   1.1690909e+02   1.0812164e+02
   1.1709091e+02   1.3514623e+02
   1.1736364e+02   1.3408186e+02
   1.1763636e+02   1.1033091e+02
   1.1781818e+02   7.2448614e+01
   1.1800000e+02   8.6832534e+01
   1.1818182e+02   1.2666175e+02
   1.1836364e+02   1.4853354e+02
   1.1854545e+02   1.0997336e+02
   1.1872727e+02   9.5233036e+01
   1.1890909e+02   7.0107917e+01
   1.1909091e+02   1.1383844e+02
   1.1927273e+02   1.4966056e+02
   1.1936364e+02   1.4386699e+02
   1.1945455e+02   1.0014039e+02
   1.1954545e+02   9.1733820e+01
   1.1963636e+02   1.1264680e+02
   1.1972727e+02   1.3276023e+02
   1.1981818e+02   1.6069489e+02
   1.1990909e+02   1.4116633e+02
   1.2000000e+02   7.7531220e+01
   1.2009091e+02   9.4548249e+01
   1.2018182e+02   1.3037008e+02
   1.2027273e+02   1.1478654e+02
   1.2036364e+02   1.1725972e+02
   1.2054545e+02   8.9774347e+01
   1.2072727e+02   1.0214590e+02
   1.2090909e+02   1.0806741e+02
   1.2109091e+02   1.3237249e+02
   1.2127273e+02   1.2067451e+02
   1.2145455e+02   1.1968259e+02
   1.2163636e+02   1.3010397e+02
   1.2172727e+02   1.4238309e+02
   1.2181818e+02   1.1246914e+02
   1.2200000e+02   1.1965717e+02
   1.2218182e+02   1.1611449e+02
   1.2227273e+02   1.4426603e+02
   1.2236364e+02   1.4884680e+02
   1.2245455e+02   1.1214016e+02
   1.2254545e+02   1.1237142e+02
   1.2263636e+02   1.1780930e+02
   1.2272727e+02   1.3746809e+02
   1.2281818e+02   1.4363278e+02
   1.2300000e+02   1.3611747e+02
   1.2318182e+02   1.1353320e+02
   1.2327273e+02   9.0860477e+01
   1.2336364e+02   1.2082835e+02
   1.2345455e+02   1.6562159e+02
   1.2354545e+02   1.5001372e+02
   1.2363636e+02   1.1654645e+02
   1.2372727e+02   9.7797323e+01
   1.2381818e+02   1.0515341e+02
   1.2390909e+02   1.6975415e+02
   1.2400000e+02   1.5973534e+02
   1.2400000e+02   1.2367341e+02
   1.2400000e+02   9.5983543e+01
   1.2400000e+02   1.1347203e+02
   1.2400000e+02   1.4902201e+02
   1.2400000e+02   1.5572806e+02
   1.2400000e+02   1.2224693e+02
   1.2400000e+02   9.3042465e+01
   1.2409091e+02   1.0079710e+02
   1.2418182e+02   1.2139229e+02
   1.2427273e+02   1.3088550e+02
   1.2436364e+02   1.4301273e+02
   1.2445455e+02   1.2751772e+02
   1.2454545e+02   1.2450027e+02
   1.2463636e+02   1.3814770e+02
   1.2472727e+02   1.3410120e+02
   1.2481818e+02   1.1166443e+02
   1.2490909e+02   1.1129082e+02
   1.2500000e+02   1.4497483e+02
   1.2500000e+02   1.5083898e+02
   1.2500000e+02   1.0770999e+02
   1.2500000e+02   9.7474908e+01
   1.2500000e+02   9.7405743e+01
   1.2500000e+02   1.3545479e+02
   1.2500000e+02   1.4019354e+02
   1.2509091e+02   1.4417865e+02
   1.2518182e+02   8.7614280e+01
   1.2527273e+02   8.8092342e+01
   1.2536364e+02   1.4800117e+02
   1.2545455e+02   1.7229067e+02
   1.2554545e+02   1.3047500e+02
   1.2563636e+02   9.8197384e+01
   1.2572727e+02   8.9791034e+01
   1.2581818e+02   1.2213857e+02
   1.2590909e+02   1.5551441e+02
   1.2600000e+02   1.4587915e+02
   1.2600000e+02   1.1124331e+02
   1.2600000e+02   9.0071518e+01
   1.2600000e+02   1.1481748e+02
   1.2609091e+02   1.5115217e+02
   1.2618182e+02   1.5941051e+02
   1.2627273e+02   1.1990161e+02
   1.2636364e+02   1.0480419e+02
   1.2645455e+02   1.1711410e+02
   1.2654545e+02   1.1638315e+02
   1.2663636e+02   1.4406514e+02
   1.2672727e+02   1.2732282e+02
   1.2681818e+02   1.1994224e+02
   1.2690909e+02   1.1163955e+02
   1.2700000e+02   1.3825337e+02
   1.2700000e+02   1.2124255e+02
   1.2700000e+02   1.1201779e+02
   1.2709091e+02   1.1742686e+02
   1.2718182e+02   1.2948054e+02
   1.2727273e+02   1.3563183e+02
   1.2736364e+02   1.2352226e+02
   1.2745455e+02   9.2865905e+01
   1.2754545e+02   1.3023097e+02
   1.2763636e+02   1.3937450e+02
   1.2772727e+02   1.4305369e+02
   1.2781818e+02   1.1701702e+02
   1.2790909e+02   1.0765169e+02
   1.2800000e+02   1.0565973e+02
   1.2800000e+02   1.3359243e+02
   1.2800000e+02   1.4921193e+02
   1.2800000e+02   1.6337878e+02
   1.2800000e+02   9.7644491e+01
   1.2800000e+02   9.5755471e+01
   1.2800000e+02   1.2444854e+02
   1.2809091e+02   1.6585098e+02
   1.2818182e+02   1.4761937e+02
   1.2827273e+02   1.1456595e+02
   1.2836364e+02   1.0115539e+02
   1.2845455e+02   1.2220815e+02
   1.2854545e+02   1.4817085e+02
   1.2863636e+02   1.6393495e+02
   1.2872727e+02   1.2793312e+02
   1.2881818e+02   9.9251959e+01
   1.2890909e+02   1.0457972e+02
   1.2900000e+02   1.5963750e+02
   1.2900000e+02   1.7086318e+02
   1.2900000e+02   1.4143836e+02
   1.2900000e+02   1.0955813e+02
   1.2900000e+02   1.3202460e+02
   1.2900000e+02   1.4914725e+02
   1.2900000e+02   1.4681608e+02
   1.2900000e+02   1.2855299e+02
   1.2900000e+02   1.1500773e+02
   1.2900000e+02   1.1934914e+02
   1.2900000e+02   1.2367500e+02
   1.2900000e+02   1.5272095e+02
   1.2909091e+02   1.2786877e+02
   1.2918182e+02   1.3293926e+02
   1.2927273e+02   1.2197308e+02
   1.2936364e+02   1.5100425e+02
   1.2945455e+02   1.2435506e+02
   1.2954545e+02   1.1021036e+02
   1.2963636e+02   1.3198382e+02
   1.2972727e+02   1.5474529e+02
   1.2981818e+02   1.6913642e+02
   1.2990909e+02   1.1828802e+02
   1.3000000e+02   8.1432674e+01
   1.3000000e+02   9.6745701e+01
   1.3000000e+02   1.4009929e+02
   1.3000000e+02   1.5227830e+02
   1.3000000e+02   1.4435979e+02
   1.3000000e+02   1.0686626e+02
   1.3000000e+02   1.0015816e+02
   1.3009091e+02   1.2956143e+02
   1.3018182e+02   1.6371695e+02
   1.3027273e+02   1.5302190e+02
   1.3036364e+02   1.2601060e+02
   1.3045455e+02   8.6230376e+01
   1.3054545e+02   1.1498051e+02
   1.3063636e+02   1.4385756e+02
   1.3072727e+02   1.4241922e+02
   1.3081818e+02   1.3128400e+02
   1.3090909e+02   1.0115059e+02
   1.3100000e+02   1.1834410e+02
   1.3100000e+02   1.4526273e+02
   1.3109091e+02   1.6967775e+02
   1.3118182e+02   1.3169171e+02
   1.3127273e+02   1.1424323e+02
   1.3136364e+02   1.3245568e+02
   1.3145455e+02   1.4680520e+02
   1.3154545e+02   1.1168858e+02
   1.3163636e+02   1.4363022e+02
   1.3172727e+02   1.4071057e+02
   1.3181818e+02   1.3393618e+02
   1.3200000e+02   1.3699872e+02
   1.3218182e+02   1.3099860e+02
   1.3227273e+02   1.0304798e+02
   1.3236364e+02   1.3588333e+02
   1.3245455e+02   1.3621638e+02
   1.3254545e+02   1.5353810e+02
   1.3263636e+02   1.4153518e+02
   1.3281818e+02   1.1259011e+02
   1.3300000e+02   8.8926907e+01
   1.3318182e+02   1.4829954e+02
   1.3336364e+02   1.5874109e+02
   1.3345455e+02   1.3590342e+02
   1.3354545e+02   1.0145200e+02
   1.3363636e+02   9.6305581e+01
   1.3372727e+02   1.3813249e+02
   1.3390909e+02   1.6207701e+02
   1.3409091e+02   1.5175666e+02
   1.3436364e+02   1.2429727e+02
   1.3454545e+02   9.5815985e+01
   1.3472727e+02   1.2742354e+02
   1.3490909e+02   1.5697202e+02
   1.3509091e+02   1.6757684e+02
   1.3527273e+02   1.3512890e+02
   1.3545455e+02   1.1403088e+02
   1.3563636e+02   1.3056065e+02
   1.3581818e+02   1.5088719e+02
   1.3600000e+02   1.6825687e+02
   1.3618182e+02   1.1139256e+02
   1.3627273e+02   1.1755911e+02
   1.3636364e+02   1.2671817e+02
   1.3645455e+02   1.5412168e+02
   1.3654545e+02   1.4758932e+02
   1.3663636e+02   1.3884411e+02
   1.3672727e+02   1.3280504e+02
   1.3681818e+02   1.5336424e+02
   1.3690909e+02   1.3477189e+02
   1.3700000e+02   1.3735917e+02
   1.3700000e+02   1.3199175e+02
   1.3709091e+02   1.3868067e+02
   1.3718182e+02   1.4899183e+02
   1.3727273e+02   1.5299878e+02
   1.3736364e+02   1.2397673e+02
   1.3745455e+02   1.1375518e+02
   1.3754545e+02   1.1961395e+02
   1.3772727e+02   1.6415329e+02
   1.3790909e+02   1.6121551e+02
   1.3809091e+02   1.2644872e+02
   1.3827273e+02   1.1426551e+02
   1.3845455e+02   1.1315194e+02
   1.3863636e+02   1.5801804e+02
   1.3881818e+02   1.6375189e+02
   1.3900000e+02   1.4286485e+02
   1.3918182e+02   1.1759909e+02
   1.3936364e+02   1.0333802e+02
   1.3954545e+02   1.3410829e+02
   1.3963636e+02   1.5800477e+02
   1.3972727e+02   1.5301078e+02
   1.3981818e+02   1.3751505e+02
   1.3990909e+02   1.0624371e+02
   1.4000000e+02   1.2929276e+02
   1.4000000e+02   1.5473781e+02
   1.4009091e+02   1.7428331e+02
   1.4018182e+02   1.2426981e+02
   1.4027273e+02   1.1805770e+02
   1.4036364e+02   1.1637270e+02
   1.4045455e+02   1.4978269e+02
   1.4054545e+02   1.5692273e+02
   1.4063636e+02   1.3209197e+02
   1.4072727e+02   1.1460786e+02
   1.4081818e+02   1.2567414e+02
   1.4090909e+02   1.6599866e+02
   1.4109091e+02   1.5267281e+02
   1.4118182e+02   1.3400285e+02
   1.4127273e+02   1.5078106e+02
   1.4136364e+02   1.5960108e+02
   1.4145455e+02   1.4736217e+02
   1.4163636e+02   1.3537259e+02
   1.4181818e+02   1.0626142e+02
   1.4209091e+02   1.3123853e+02
   1.4236364e+02   1.5426572e+02
   1.4263636e+02   1.7605154e+02
   1.4290909e+02   1.3360648e+02
   1.4309091e+02   1.2578906e+02
   1.4327273e+02   1.1061527e+02
   1.4345455e+02   1.5127660e+02
   1.4363636e+02   1.7100510e+02
   1.4390909e+02   1.4943511e+02
   1.4409091e+02   1.1271501e+02
   1.4427273e+02   9.4665934e+01
   1.4436364e+02   1.4290277e+02
   1.4445455e+02   1.7654082e+02
   1.4454545e+02   1.4664989e+02
   1.4472727e+02   1.1125610e+02
   1.4490909e+02   1.1675501e+02
   1.4509091e+02   1.3986290e+02
   1.4527273e+02   1.7966534e+02
   1.4545455e+02   1.6637183e+02
   1.4554545e+02   1.1529450e+02
   1.4563636e+02   1.1304554e+02
   1.4572727e+02   1.2482430e+02
   1.4581818e+02   1.6876546e+02
   1.4600000e+02   1.7520389e+02
   1.4618182e+02   1.5537701e+02
   1.4627273e+02   1.4436947e+02
   1.4636364e+02   1.3698988e+02
   1.4645455e+02   1.5592286e+02
   1.4654545e+02   1.6405480e+02
   1.4672727e+02   1.6257888e+02
   1.4690909e+02   1.3504037e+02
   1.4709091e+02   1.5612491e+02
   1.4727273e+02   1.4701145e+02
   1.4745455e+02   1.4465595e+02
   1.4754545e+02   1.4412281e+02
   1.4763636e+02   1.4268640e+02
   1.4772727e+02   1.2816162e+02
   1.4781818e+02   1.7802445e+02
   1.4790909e+02   1.5296990e+02
   1.4809091e+02   1.3277132e+02
   1.4818182e+02   1.3712006e+02
   1.4827273e+02   1.6824897e+02
   1.4836364e+02   1.6163646e+02
   1.4845455e+02   1.5453313e+02
   1.4854545e+02   1.2693373e+02
   1.4863636e+02   1.2719737e+02
   1.4872727e+02   1.5119361e+02
   1.4881818e+02   1.7953708e+02
   1.4890909e+02   1.5872266e+02
   1.4900000e+02   1.2048412e+02
   1.4900000e+02   9.9997522e+01
   1.4900000e+02   1.5734609e+02
   1.4909091e+02   1.8098503e+02
   1.4918182e+02   1.7459466e+02
   1.4927273e+02   1.3509134e+02
   1.4936364e+02   1.2775924e+02
   1.4945455e+02   1.3277324e+02
   1.4954545e+02   1.6218866e+02
   1.4963636e+02   1.6883240e+02
   1.4972727e+02   1.5976300e+02
   1.4981818e+02   1.1929726e+02
   1.5000000e+02   1.3191898e+02
   1.5018182e+02   1.6903996e+02
   1.5027273e+02   1.6017229e+02
   1.5036364e+02   1.5333623e+02
   1.5045455e+02   1.3190948e+02
   1.5054545e+02   1.3659967e+02
   1.5063636e+02   1.5959878e+02
   1.5072727e+02   1.6155297e+02
   1.5081818e+02   1.5695089e+02
   1.5090909e+02   1.3636509e+02
   1.5100000e+02   1.5293338e+02
   1.5100000e+02   1.6932363e+02
   1.5100000e+02   1.3363419e+02
   1.5100000e+02   1.3849679e+02
   1.5100000e+02   1.4747265e+02
   1.5100000e+02   1.7247025e+02
   1.5100000e+02   1.7292235e+02
   1.5100000e+02   1.3437330e+02
   1.5100000e+02   1.1001378e+02
   1.5100000e+02   1.4236778e+02
   1.5100000e+02   1.5872122e+02
   1.5100000e+02   1.8075675e+02
   1.5100000e+02   1.6752758e+02
   1.5109091e+02   1.2630577e+02
   1.5118182e+02   1.2656680e+02
   1.5127273e+02   1.6699933e+02
   1.5136364e+02   1.9829673e+02
   1.5145455e+02   1.7336633e+02
   1.5154545e+02   1.1943550e+02
   1.5163636e+02   1.2079767e+02
   1.5172727e+02   1.4144967e+02
   1.5181818e+02   1.8699916e+02
   1.5190909e+02   1.8235330e+02
   1.5200000e+02   1.2952729e+02
   1.5209091e+02   1.1459491e+02
   1.5218182e+02   1.4094570e+02
   1.5227273e+02   1.7602400e+02
   1.5236364e+02   1.7620374e+02
   1.5245455e+02   1.3551622e+02
   1.5254545e+02   1.3125662e+02
   1.5263636e+02   1.4311920e+02
   1.5281818e+02   1.8143972e+02
   1.5300000e+02   1.7239420e+02
   1.5318182e+02   1.3616539e+02
   1.5336364e+02   1.4874672e+02
   1.5345455e+02   1.5833832e+02
   1.5354545e+02   1.6161845e+02
   1.5363636e+02   1.4074483e+02
   1.5372727e+02   1.3895547e+02
   1.5381818e+02   1.5280872e+02
   1.5390909e+02   1.7231248e+02
   1.5400000e+02   1.6432879e+02
   1.5400000e+02   1.5016304e+02
   1.5400000e+02   1.4671141e+02
   1.5400000e+02   1.5524875e+02
   1.5400000e+02   1.7084096e+02
   1.5400000e+02   1.6415296e+02
   1.5400000e+02   1.4724627e+02
   1.5400000e+02   1.3451916e+02
   1.5400000e+02   1.3909817e+02
   1.5400000e+02   1.7205900e+02
   1.5400000e+02   1.8560841e+02
   1.5409091e+02   1.7328953e+02
   1.5418182e+02   1.1829364e+02
   1.5427273e+02   1.2800333e+02
   1.5436364e+02   1.4880964e+02
   1.5445455e+02   2.0490894e+02
   1.5454545e+02   1.7415328e+02
   1.5463636e+02   1.3386176e+02
   1.5472727e+02   1.1561160e+02
   1.5481818e+02   1.6734651e+02
   1.5490909e+02   1.7997900e+02
   1.5500000e+02   1.6280532e+02
   1.5500000e+02   1.4033723e+02
   1.5500000e+02   1.4019936e+02
   1.5500000e+02   1.4616511e+02
   1.5500000e+02   1.7447159e+02
   1.5500000e+02   1.6406578e+02
   1.5500000e+02   1.4948134e+02
   1.5500000e+02   1.4113898e+02
   1.5500000e+02   1.2685198e+02
   1.5509091e+02   1.6185840e+02
   1.5518182e+02   1.6371587e+02
   1.5527273e+02   1.4849890e+02
   1.5536364e+02   1.4258400e+02
   1.5545455e+02   1.7328074e+02
   1.5554545e+02   1.7452307e+02
   1.5563636e+02   1.4063813e+02
   1.5572727e+02   1.4603881e+02
   1.5581818e+02   1.5174460e+02
   1.5590909e+02   1.5884012e+02
   1.5600000e+02   1.8840872e+02
   1.5600000e+02   1.4871050e+02
   1.5600000e+02   1.3969937e+02
   1.5609091e+02   1.2831486e+02
   1.5618182e+02   1.7140791e+02
   1.5627273e+02   1.9164244e+02
   1.5636364e+02   1.7057739e+02
   1.5645455e+02   1.2303244e+02
   1.5654545e+02   1.3239237e+02
   1.5663636e+02   1.5785771e+02
   1.5672727e+02   1.7960903e+02
   1.5690909e+02   1.8073303e+02
   1.5709091e+02   1.4396204e+02
   1.5727273e+02   1.2447029e+02
   1.5736364e+02   1.4163250e+02
   1.5745455e+02   1.9145623e+02
   1.5754545e+02   1.8195056e+02
   1.5772727e+02   1.5027457e+02
   1.5790909e+02   1.2508310e+02
   1.5809091e+02   1.3666014e+02
   1.5827273e+02   1.8075482e+02
   1.5845455e+02   1.7495465e+02
   1.5854545e+02   1.5774777e+02
   1.5863636e+02   1.4315187e+02
   1.5881818e+02   1.5344737e+02
   1.5900000e+02   1.6130805e+02
   1.5918182e+02   1.8848624e+02
   1.5936364e+02   1.6577045e+02
   1.5945455e+02   1.6701368e+02
   1.5954545e+02   1.6532777e+02
   1.5963636e+02   1.6319322e+02
   1.5972727e+02   1.3481001e+02
   1.5981818e+02   1.6216682e+02
   1.5990909e+02   1.5318726e+02
   1.6000000e+02   1.8669511e+02
   1.6009091e+02   1.7266884e+02
   1.6018182e+02   1.4786357e+02
   1.6027273e+02   1.2642163e+02
   1.6036364e+02   1.4426459e+02
   1.6045455e+02   1.7326358e+02
   1.6054545e+02   1.9316964e+02
   1.6063636e+02   1.5373754e+02
   1.6072727e+02   1.5263317e+02
   1.6081818e+02   1.4354967e+02
   1.6100000e+02   1.7224581e+02
   1.6118182e+02   1.7115492e+02
   1.6127273e+02   1.7862530e+02
   1.6136364e+02   1.3557807e+02
   1.6145455e+02   1.3777507e+02
   1.6163636e+02   1.5150850e+02
   1.6181818e+02   1.8267028e+02
   1.6200000e+02   1.9654671e+02
   1.6218182e+02   1.5893091e+02
   1.6236364e+02   1.2802954e+02
   1.6254545e+02   1.5802533e+02
   1.6263636e+02   1.8048008e+02
   1.6272727e+02   1.9173826e+02
   1.6281818e+02   1.6105724e+02
   1.6290909e+02   1.3354506e+02
   1.6300000e+02   1.4241818e+02
   1.6300000e+02   1.7718653e+02
   1.6300000e+02   1.8733290e+02
   1.6300000e+02   1.5141184e+02
   1.6309091e+02   1.5895282e+02
   1.6318182e+02   1.4817375e+02
   1.6327273e+02   1.8178670e+02
   1.6336364e+02   1.6685164e+02
   1.6345455e+02   1.5187342e+02
   1.6354545e+02   1.7035247e+02
   1.6363636e+02   1.6365633e+02
   1.6372727e+02   1.7489121e+02
   1.6381818e+02   1.4050927e+02
   1.6381818e+02   1.4063085e+02
   1.6381818e+02   1.6595099e+02
   1.6372727e+02   1.6707316e+02
   1.6363636e+02   1.8706868e+02
   1.6354545e+02   1.6860138e+02
   1.6345455e+02   1.2237153e+02
   1.6336364e+02   1.5049617e+02
   1.6327273e+02   1.7890663e+02
   1.6318182e+02   1.9176088e+02
   1.6309091e+02   1.7950048e+02
   1.6300000e+02   1.2057203e+02
   1.6290909e+02   1.4505410e+02
   1.6281818e+02   1.7035072e+02
   1.6272727e+02   1.7335186e+02
   1.6263636e+02   1.7125163e+02
   1.6254545e+02   1.4070107e+02
   1.6245455e+02   1.3085874e+02
   1.6236364e+02   1.4737068e+02
   1.6227273e+02   1.9010511e+02
   1.6218182e+02   1.9336829e+02
   1.6209091e+02   1.5048321e+02
   1.6190909e+02   1.2551936e+02
   1.6181818e+02   1.6412394e+02
   1.6172727e+02   1.7190043e+02
   1.6163636e+02   1.8959902e+02
   1.6154545e+02   1.6179065e+02
   1.6145455e+02   1.4173570e+02
   1.6136364e+02   1.4471501e+02
   1.6127273e+02   1.6169739e+02
   1.6118182e+02   1.6327787e+02
   1.6109091e+02   1.8431118e+02
   1.6090909e+02   1.5465102e+02
   1.6081818e+02   1.4435178e+02
   1.6072727e+02   1.7423059e+02
   1.6063636e+02   1.7063333e+02
   1.6054545e+02   1.4730619e+02
   1.6045455e+02   1.3852279e+02
   1.6036364e+02   1.6909566e+02
   1.6018182e+02   1.7592164e+02
   1.6000000e+02   1.5808026e+02
   1.5981818e+02   1.1647380e+02
   1.5963636e+02   1.5420105e+02
   1.5954545e+02   1.7919591e+02
   1.5945455e+02   1.9684924e+02
   1.5936364e+02   1.6190220e+02
   1.5927273e+02   1.2469587e+02
   1.5918182e+02   1.2782724e+02
   1.5909091e+02   1.5580704e+02
   1.5900000e+02   2.0884173e+02
   1.5900000e+02   1.6726142e+02
   1.5900000e+02   1.3110433e+02
   1.5890909e+02   1.1256331e+02
   1.5881818e+02   1.6930276e+02
   1.5872727e+02   2.0435384e+02
   1.5863636e+02   1.7120854e+02
   1.5854545e+02   1.5168716e+02
   1.5845455e+02   1.2278477e+02
   1.5836364e+02   1.4440254e+02
   1.5827273e+02   1.7510746e+02
   1.5818182e+02   1.7511686e+02
   1.5809091e+02   1.5159048e+02
   1.5800000e+02   1.3590630e+02
   1.5800000e+02   1.3880079e+02
   1.5800000e+02   1.6653959e+02
   1.5800000e+02   1.8502172e+02
   1.5800000e+02   1.7313814e+02
   1.5800000e+02   1.5069165e+02
   1.5800000e+02   1.4102630e+02
   1.5800000e+02   1.7445349e+02
   1.5800000e+02   1.7360576e+02
   1.5800000e+02   1.5906163e+02
   1.5800000e+02   1.7579638e+02
   1.5800000e+02   1.8803453e+02
   1.5800000e+02   1.7809960e+02
   1.5800000e+02   1.4290630e+02
   1.5800000e+02   1.4654095e+02
   1.5800000e+02   1.6334009e+02
   1.5800000e+02   1.7851039e+02
   1.5800000e+02   1.7647961e+02
   1.5800000e+02   1.7630006e+02
   1.5800000e+02   1.2214347e+02
   1.5800000e+02   1.4362695e+02
   1.5800000e+02   1.6376900e+02
   1.5800000e+02   1.8504583e+02
   1.5800000e+02   1.6401765e+02
   1.5800000e+02   1.2748254e+02
   1.5809091e+02   1.4095940e+02
   1.5818182e+02   1.6353246e+02
   1.5827273e+02   1.9225500e+02
   1.5836364e+02   1.7564178e+02
   1.5845455e+02   1.5728672e+02
   1.5854545e+02   1.3995858e+02
   1.5863636e+02   1.4135209e+02
   1.5872727e+02   1.9160903e+02
   1.5881818e+02   1.9379456e+02
   1.5890909e+02   1.4958054e+02
   1.5909091e+02   1.1373458e+02
   1.5918182e+02   1.4353331e+02
   1.5927273e+02   1.7644092e+02
   1.5936364e+02   1.8449735e+02
   1.5945455e+02   1.6206751e+02
   1.5954545e+02   1.3972696e+02
   1.5963636e+02   1.2921031e+02
   1.5972727e+02   1.5470780e+02
   1.5981818e+02   1.7284539e+02
   1.6000000e+02   1.5639874e+02
   1.6018182e+02   1.3984780e+02
   1.6027273e+02   1.5811178e+02
   1.6036364e+02   1.9197471e+02
   1.6045455e+02   1.6491078e+02
   1.6054545e+02   1.4641780e+02
   1.6063636e+02   1.5449885e+02
   1.6072727e+02   1.7256705e+02
   1.6090909e+02   1.8066854e+02
   1.6109091e+02   1.6175657e+02
   1.6127273e+02   1.5988821e+02
   1.6136364e+02   1.4059265e+02
   1.6154545e+02   1.7724444e+02
   1.6172727e+02   1.7554978e+02
   1.6190909e+02   1.5801720e+02
   1.6209091e+02   1.2834721e+02
   1.6227273e+02   1.3546374e+02
   1.6254545e+02   1.7096640e+02
   1.6281818e+02   1.7044444e+02
   1.6309091e+02   1.6748491e+02
   1.6336364e+02   1.3319199e+02
   1.6363636e+02   1.3275912e+02
   1.6390909e+02   1.6232260e+02
   1.6418182e+02   2.0013690e+02
   1.6445455e+02   1.8655917e+02
   1.6472727e+02   1.4760945e+02
   1.6500000e+02   1.3246697e+02
   1.6527273e+02   1.4478572e+02
   1.6545455e+02   1.8926376e+02
   1.6563636e+02   2.0336476e+02
   1.6572727e+02   1.5272314e+02
   1.6581818e+02   1.4454092e+02
   1.6590909e+02   1.4488378e+02
   1.6600000e+02   1.7346928e+02
   1.6600000e+02   1.7846228e+02
   1.6609091e+02   1.8961285e+02
   1.6618182e+02   1.6726449e+02
   1.6627273e+02   1.4521156e+02
   1.6636364e+02   1.8143842e+02
   1.6645455e+02   1.8077249e+02
   1.6654545e+02   1.5211939e+02
   1.6663636e+02   1.7125477e+02
   1.6690909e+02   1.5069537e+02
   1.6718182e+02   1.7532357e+02
   1.6745455e+02   1.8725657e+02
   1.6772727e+02   1.3809325e+02
   1.6790909e+02   1.5066257e+02
   1.6809091e+02   1.7378622e+02
   1.6827273e+02   1.8895145e+02
   1.6854545e+02   1.5210168e+02
   1.6881818e+02   1.4009102e+02
   1.6909091e+02   1.3478080e+02
   1.6936364e+02   1.8437835e+02
   1.6945455e+02   1.9728822e+02
   1.6954545e+02   1.8473111e+02
   1.6963636e+02   1.4552293e+02
   1.6972727e+02   1.2347636e+02
   1.6990909e+02   1.7893950e+02
   1.7009091e+02   2.0923245e+02
   1.7027273e+02   1.9206198e+02
   1.7036364e+02   1.7035073e+02
   1.7045455e+02   1.2856064e+02
   1.7054545e+02   1.7756188e+02
   1.7063636e+02   1.9924807e+02
   1.7081818e+02   1.8781460e+02
   1.7100000e+02   1.5992690e+02
   1.7118182e+02   1.3643352e+02
   1.7136364e+02   1.5632810e+02
   1.7145455e+02   2.0354757e+02
   1.7154545e+02   1.9129252e+02
   1.7181818e+02   1.5492736e+02
   1.7209091e+02   1.5702160e+02
   1.7236364e+02   1.5734255e+02
   1.7263636e+02   1.7808365e+02
   1.7290909e+02   1.8529813e+02
   1.7309091e+02   1.8380061e+02
   1.7327273e+02   1.6966996e+02
   1.7354545e+02   1.6796141e+02
   1.7381818e+02   1.7642079e+02
   1.7409091e+02   1.7521892e+02
   1.7436364e+02   1.6859079e+02
   1.7445455e+02   1.8444486e+02
   1.7463636e+02   1.8508928e+02
   1.7481818e+02   1.7966082e+02
   1.7500000e+02   1.6875231e+02
   1.7518182e+02   1.5363777e+02
   1.7536364e+02   1.6012323e+02
   1.7572727e+02   2.0032364e+02
   1.7600000e+02   1.8875523e+02
   1.7627273e+02   1.7372977e+02
   1.7654545e+02   1.3801637e+02
   1.7681818e+02   1.5724056e+02
   1.7709091e+02   1.8468860e+02
   1.7727273e+02   2.0174523e+02
   1.7745455e+02   1.9651574e+02
   1.7781818e+02   1.5023942e+02
   1.7818182e+02   1.4273150e+02
   1.7854545e+02   1.8916978e+02
   1.7872727e+02   2.1986322e+02
   1.7890909e+02   2.0635439e+02
   1.7909091e+02   1.6341178e+02
   1.7927273e+02   1.5090374e+02
   1.7945455e+02   1.6664881e+02
   1.7963636e+02   2.2068691e+02
   1.7981818e+02   2.0371241e+02
   1.8009091e+02   1.9243669e+02
   1.8018182e+02   1.5147022e+02
   1.8027273e+02   1.6155412e+02
   1.8036364e+02   1.8066233e+02
   1.8045455e+02   2.0566909e+02
   1.8054545e+02   1.8364886e+02
   1.8063636e+02   1.6962360e+02
   1.8072727e+02   1.6315618e+02
   1.8081818e+02   2.0312116e+02
   1.8109091e+02   2.0116716e+02
   1.8136364e+02   1.8233364e+02
   1.8154545e+02   1.6923140e+02
   1.8172727e+02   1.8660025e+02
   1.8190909e+02   1.9258996e+02
   1.8209091e+02   1.9600356e+02
   1.8227273e+02   1.5955827e+02
   1.8245455e+02   1.7820356e+02
   1.8263636e+02   2.1453867e+02
   1.8281818e+02   2.2595590e+02
   1.8309091e+02   1.8426439e+02
   1.8318182e+02   1.6808012e+02
   1.8327273e+02   1.7207543e+02
   1.8336364e+02   1.8604258e+02
   1.8345455e+02   2.0944075e+02
   1.8354545e+02   1.8818321e+02
   1.8363636e+02   1.4998496e+02
   1.8372727e+02   1.5560115e+02
   1.8381818e+02   1.9545599e+02
   1.8409091e+02   2.2450059e+02
   1.8436364e+02   1.9454628e+02
   1.8454545e+02   1.5844586e+02
   1.8472727e+02   1.5126580e+02
   1.8490909e+02   1.8911242e+02
   1.8509091e+02   2.2058609e+02
   1.8527273e+02   1.9967220e+02
   1.8545455e+02   1.6738935e+02
   1.8563636e+02   1.4729174e+02
   1.8590909e+02   1.6655879e+02
   1.8618182e+02   2.1563950e+02
   1.8627273e+02   2.1580253e+02
   1.8636364e+02   1.8070105e+02
   1.8645455e+02   1.7524880e+02
   1.8654545e+02   1.7821825e+02
   1.8663636e+02   1.6894664e+02
   1.8672727e+02   1.9989362e+02
   1.8681818e+02   2.1302936e+02
   1.8709091e+02   1.7918700e+02
   1.8736364e+02   1.8005025e+02
   1.8754545e+02   1.9102930e+02
   1.8772727e+02   1.9926978e+02
   1.8790909e+02   1.7423449e+02
   1.8809091e+02   1.8903247e+02
   1.8827273e+02   1.9085966e+02
   1.8845455e+02   2.0112029e+02
   1.8863636e+02   1.8303249e+02
   1.8881818e+02   1.6196626e+02
   1.8909091e+02   1.7624584e+02
   1.8918182e+02   2.1172453e+02
   1.8927273e+02   2.2751685e+02
   1.8936364e+02   1.8647723e+02
   1.8945455e+02   1.6453754e+02
   1.8954545e+02   1.6607337e+02
   1.8963636e+02   1.8954698e+02
   1.8972727e+02   2.3666592e+02
   1.8981818e+02   2.0974025e+02
   1.9009091e+02   1.6156369e+02
   1.9036364e+02   1.7433484e+02
   1.9054545e+02   1.9745817e+02
   1.9072727e+02   2.1904885e+02
   1.9090909e+02   2.1539088e+02
   1.9109091e+02   1.7718314e+02
   1.9127273e+02   1.4375119e+02
   1.9145455e+02   1.8768855e+02
   1.9172727e+02   2.3001065e+02
   1.9200000e+02   1.9137588e+02
   1.9227273e+02   2.0083376e+02
   1.9236364e+02   1.7406107e+02
   1.9245455e+02   1.9285522e+02
   1.9272727e+02   2.0811343e+02
   1.9300000e+02   2.1628028e+02
   1.9327273e+02   2.0153232e+02
   1.9354545e+02   1.7147265e+02
   1.9390909e+02   1.5904794e+02
   1.9427273e+02   2.0376842e+02
   1.9454545e+02   1.9750328e+02
   1.9481818e+02   2.0513163e+02
   1.9509091e+02   1.7627283e+02
   1.9536364e+02   1.8963461e+02
   1.9563636e+02   1.9920915e+02
   1.9581818e+02   1.9786193e+02
   1.9600000e+02   1.9417251e+02
   1.9618182e+02   1.9691834e+02
   1.9636364e+02   2.1350210e+02
   1.9645455e+02   2.1232489e+02
   1.9654545e+02   1.9333666e+02
   1.9663636e+02   1.8044629e+02
   1.9672727e+02   1.8114774e+02
   1.9700000e+02   1.9720694e+02
   1.9727273e+02   2.4751480e+02
   1.9754545e+02   2.1669980e+02
   1.9772727e+02   1.7787039e+02
   1.9790909e+02   1.6452905e+02
   1.9809091e+02   2.0375728e+02
   1.9827273e+02   2.4262955e+02
   1.9845455e+02   2.3353990e+02
   1.9863636e+02   1.8697691e+02
   1.9890909e+02   1.6019201e+02
   1.9918182e+02   1.9841328e+02
   1.9927273e+02   2.2020844e+02
   1.9936364e+02   2.2153166e+02
   1.9945455e+02   1.7403725e+02
   1.9954545e+02   1.7485030e+02
   1.9963636e+02   1.9688170e+02
   1.9972727e+02   1.9157298e+02
   1.9990909e+02   2.1544059e+02
   2.0009091e+02   2.1684208e+02
   2.0027273e+02   1.7581728e+02
   2.0036364e+02   1.9611872e+02
   2.0045455e+02   2.0487799e+02
   2.0054545e+02   2.2079894e+02
   2.0063636e+02   1.9419339e+02
   2.0072727e+02   1.9738246e+02
   2.0081818e+02   1.9076499e+02
   2.0090909e+02   1.9415942e+02
   2.0109091e+02   2.0836840e+02
   2.0118182e+02   1.9088069e+02
   2.0127273e+02   2.0276025e+02
   2.0136364e+02   2.1078971e+02
   2.0145455e+02   2.2993412e+02
   2.0154545e+02   1.9249903e+02
   2.0163636e+02   1.6518128e+02
   2.0172727e+02   1.8410210e+02
   2.0181818e+02   2.2792655e+02
   2.0190909e+02   2.1923726e+02
   2.0209091e+02   2.0831927e+02
   2.0218182e+02   1.9034248e+02
   2.0227273e+02   2.0106332e+02
   2.0236364e+02   2.1704298e+02
   2.0245455e+02   2.3181692e+02
   2.0254545e+02   2.1812538e+02
   2.0263636e+02   1.8489608e+02
   2.0272727e+02   1.8980824e+02
   2.0290909e+02   1.8269185e+02
   2.0309091e+02   2.4650830e+02
   2.0327273e+02   2.4025127e+02
   2.0336364e+02   1.9619381e+02
   2.0345455e+02   1.7714342e+02
   2.0354545e+02   2.0653669e+02
   2.0363636e+02   2.0360005e+02
   2.0372727e+02   2.2034808e+02
   2.0381818e+02   2.0877441e+02
   2.0400000e+02   1.9350230e+02
   2.0418182e+02   1.7896134e+02
   2.0427273e+02   2.1839412e+02
   2.0436364e+02   2.2046542e+02
   2.0445455e+02   1.9389180e+02
   2.0454545e+02   2.0523711e+02
   2.0463636e+02   1.9314006e+02
   2.0481818e+02   2.2033506e+02
   2.0500000e+02   1.9680439e+02
   2.0518182e+02   2.0375881e+02
   2.0536364e+02   2.2523575e+02
   2.0545455e+02   2.0559079e+02
   2.0554545e+02   2.2116852e+02
   2.0563636e+02   2.0012029e+02
   2.0572727e+02   2.0302151e+02
   2.0581818e+02   2.0006433e+02
   2.0600000e+02   2.2326002e+02
   2.0618182e+02   2.2683242e+02
   2.0627273e+02   2.0382636e+02
   2.0636364e+02   1.8975749e+02
   2.0645455e+02   1.7772798e+02
   2.0654545e+02   2.1957976e+02
   2.0663636e+02   2.2783542e+02
   2.0672727e+02   2.2101157e+02
   2.0690909e+02   1.8218265e+02
   2.0709091e+02   1.8352189e+02
   2.0727273e+02   2.2534241e+02
   2.0736364e+02   2.5105714e+02
   2.0745455e+02   2.3255041e+02
   2.0754545e+02   1.9452375e+02
   2.0763636e+02   1.6460547e+02
   2.0781818e+02   2.2188117e+02
   2.0800000e+02   2.5692588e+02
   2.0818182e+02   2.5843558e+02
   2.0836364e+02   1.8874263e+02
   2.0845455e+02   1.8429761e+02
   2.0854545e+02   1.9427202e+02
   2.0863636e+02   2.2121930e+02
   2.0872727e+02   2.4529817e+02
   2.0881818e+02   2.0965818e+02
   2.0890909e+02   1.6774934e+02
   2.0900000e+02   1.9902972e+02
   2.0900000e+02   2.0676616e+02
   2.0900000e+02   2.4181250e+02
   2.0900000e+02   1.9968822e+02
   2.0900000e+02   2.0391308e+02
   2.0909091e+02   2.0221222e+02
   2.0918182e+02   2.1023079e+02
   2.0927273e+02   2.1862975e+02
   2.0936364e+02   1.9301988e+02
   2.0945455e+02   2.0925813e+02
   2.0954545e+02   2.3646162e+02
   2.0963636e+02   2.2489678e+02
   2.0981818e+02   2.0444730e+02
   2.1000000e+02   1.8659535e+02
   2.1018182e+02   2.0695764e+02
   2.1036364e+02   2.2464168e+02
   2.1045455e+02   2.5099568e+02
   2.1054545e+02   2.2458342e+02
   2.1072727e+02   1.7703381e+02
   2.1090909e+02   2.0007726e+02
   2.1109091e+02   2.1127174e+02
   2.1127273e+02   2.5513182e+02
   2.1145455e+02   2.2583111e+02
   2.1154545e+02   1.9440715e+02
   2.1163636e+02   1.7541710e+02
   2.1181818e+02   2.1632091e+02
   2.1200000e+02   2.6252299e+02
   2.1218182e+02   2.2830986e+02
   2.1236364e+02   2.0239017e+02
   2.1245455e+02   1.7032743e+02
   2.1254545e+02   1.9917049e+02
   2.1263636e+02   2.3851175e+02
   2.1272727e+02   2.4383654e+02
   2.1281818e+02   2.1929350e+02
   2.1290909e+02   2.0613017e+02
   2.1300000e+02   2.1100996e+02
   2.1309091e+02   2.2260735e+02
   2.1318182e+02   2.3380470e+02
   2.1327273e+02   2.2892559e+02
   2.1336364e+02   1.9334050e+02
   2.1345455e+02   2.1105126e+02
   2.1363636e+02   2.1209710e+02
   2.1381818e+02   2.2844579e+02
   2.1400000e+02   2.1486871e+02
   2.1418182e+02   2.0922160e+02
   2.1436364e+02   2.2850102e+02
   2.1454545e+02   2.3126262e+02
   2.1463636e+02   2.1998239e+02
   2.1472727e+02   1.8322044e+02
   2.1490909e+02   1.9818390e+02
   2.1509091e+02   2.2091821e+02
   2.1527273e+02   2.2877593e+02
   2.1536364e+02   2.0163402e+02
   2.1554545e+02   1.6493929e+02
   2.1572727e+02   1.9350641e+02
   2.1590909e+02   2.1325164e+02
   2.1609091e+02   2.4622429e+02
   2.1627273e+02   2.2951700e+02
   2.1645455e+02   2.0252706e+02
   2.1663636e+02   1.7397780e+02
   2.1672727e+02   2.2573986e+02
   2.1681818e+02   2.6165942e+02
   2.1700000e+02   2.3003465e+02
   2.1718182e+02   2.0688861e+02
   2.1727273e+02   1.8044715e+02
   2.1736364e+02   2.0290647e+02
   2.1754545e+02   2.3674995e+02
   2.1772727e+02   2.5737532e+02
   2.1790909e+02   2.0489533e+02
   2.1809091e+02   2.0162264e+02
   2.1827273e+02   2.0250340e+02
   2.1854545e+02   2.2738368e+02
   2.1881818e+02   2.4162939e+02
   2.1900000e+02   2.2849678e+02
   2.1918182e+02   2.1432075e+02
   2.1936364e+02   2.0421264e+02
   2.1954545e+02   2.3559223e+02
   2.1963636e+02   2.3033685e+02
   2.1981818e+02   2.3125929e+02
   2.2000000e+02   2.0667483e+02
   2.2018182e+02   2.1148394e+02
   2.2036364e+02   2.0134248e+02
   2.2045455e+02   2.1988573e+02
   2.2054545e+02   2.0848545e+02
   2.2072727e+02   2.2696063e+02
   2.2090909e+02   2.4500014e+02
   2.2109091e+02   2.3962965e+02
   2.2127273e+02   2.1004375e+02
   2.2145455e+02   2.1446420e+02
   2.2154545e+02   1.9565781e+02
   2.2181818e+02   2.2621067e+02
   2.2209091e+02   2.5577230e+02
   2.2236364e+02   2.1835954e+02
   2.2263636e+02   2.0172696e+02
   2.2290909e+02   1.9318437e+02
   2.2309091e+02   2.2802055e+02
   2.2336364e+02   2.4956218e+02
   2.2363636e+02   2.2627631e+02
   2.2390909e+02   1.9534744e+02
   2.2418182e+02   1.9688375e+02
   2.2445455e+02   2.0372679e+02
   2.2454545e+02   2.5831409e+02
   2.2472727e+02   2.3511119e+02
   2.2490909e+02   2.0622999e+02
   2.2509091e+02   1.9344545e+02
   2.2527273e+02   2.2467096e+02
   2.2545455e+02   2.3255391e+02
   2.2554545e+02   2.4837346e+02
   2.2563636e+02   2.3303063e+02
   2.2572727e+02   1.8780683e+02
   2.2600000e+02   1.8844365e+02
   2.2627273e+02   2.4491784e+02
   2.2654545e+02   2.3669217e+02
   2.2672727e+02   2.4466000e+02
   2.2690909e+02   2.0349737e+02
   2.2709091e+02   2.2058758e+02
   2.2727273e+02   2.3242766e+02
   2.2754545e+02   2.3733506e+02
   2.2781818e+02   2.2735587e+02
   2.2809091e+02   2.1102593e+02
   2.2836364e+02   2.2325209e+02
   2.2845455e+02   2.4501629e+02
   2.2854545e+02   2.3649248e+02
   2.2863636e+02   2.2153623e+02
   2.2872727e+02   2.2754692e+02
   2.2881818e+02   2.4341915e+02
   2.2900000e+02   2.7033691e+02
   2.2918182e+02   2.2352089e+02
   2.2927273e+02   2.0076795e+02
   2.2936364e+02   1.9773392e+02
   2.2945455e+02   2.3896963e+02
   2.2954545e+02   2.5772412e+02
   2.2963636e+02   2.3733629e+02
   2.2972727e+02   2.0911181e+02
   2.2990909e+02   2.0105813e+02
   2.3009091e+02   2.2735783e+02
   2.3027273e+02   2.6984169e+02
   2.3036364e+02   2.4841352e+02
   2.3045455e+02   2.0874990e+02
   2.3054545e+02   1.6926593e+02
   2.3063636e+02   2.1584145e+02
   2.3072727e+02   2.3686169e+02
   2.3100000e+02   2.5839139e+02
   2.3127273e+02   2.0991249e+02
   2.3154545e+02   1.9933116e+02
   2.3172727e+02   2.2276128e+02
   2.3190909e+02   2.3653855e+02
   2.3209091e+02   2.6219863e+02
   2.3227273e+02   2.4719792e+02
   2.3254545e+02   2.1207362e+02
   2.3281818e+02   2.1901022e+02
   2.3309091e+02   2.3403991e+02
   2.3336364e+02   2.5573602e+02
   2.3345455e+02   2.3585250e+02
   2.3354545e+02   2.2276926e+02
   2.3363636e+02   2.2525413e+02
   2.3381818e+02   2.3065022e+02
   2.3400000e+02   2.2590413e+02
   2.3418182e+02   2.1906918e+02
   2.3436364e+02   2.2891134e+02
   2.3445455e+02   2.3441111e+02
   2.3454545e+02   2.5271953e+02
   2.3463636e+02   2.2786401e+02
   2.3472727e+02   2.1762759e+02
   2.3481818e+02   2.2315422e+02
   2.3490909e+02   2.5742712e+02
   2.3500000e+02   2.5043618e+02
   2.3500000e+02   2.2398552e+02
   2.3500000e+02   2.0331143e+02
   2.3500000e+02   2.3823835e+02
   2.3500000e+02   2.5921015e+02
   2.3500000e+02   2.7157646e+02
   2.3509091e+02   2.4642314e+02
   2.3518182e+02   2.0427227e+02
   2.3527273e+02   2.0217050e+02
   2.3536364e+02   2.3515776e+02
   2.3545455e+02   2.7986072e+02
   2.3554545e+02   2.6734150e+02
   2.3563636e+02   2.3746495e+02
   2.3572727e+02   1.9592991e+02
   2.3581818e+02   2.0745289e+02
   2.3590909e+02   2.5730885e+02
   2.3600000e+02   2.5319013e+02
   2.3600000e+02   2.3511941e+02
   2.3600000e+02   1.9421790e+02
   2.3600000e+02   2.2826887e+02
   2.3600000e+02   2.4322778e+02
   2.3600000e+02   2.6303119e+02
   2.3600000e+02   2.4032957e+02
   2.3600000e+02   2.4225120e+02
   2.3600000e+02   2.1260426e+02
   2.3600000e+02   2.3911403e+02
   2.3600000e+02   2.2615591e+02
   2.3600000e+02   2.1913268e+02
   2.3600000e+02   2.4425421e+02
   2.3600000e+02   2.3643324e+02
   2.3600000e+02   2.4833419e+02
   2.3600000e+02   2.2672071e+02
   2.3600000e+02   2.2194290e+02
   2.3600000e+02   2.3039722e+02
   2.3600000e+02   2.4916755e+02
   2.3600000e+02   2.4505502e+02
   2.3600000e+02   2.2872061e+02
   2.3590909e+02   2.2826829e+02
   2.3581818e+02   2.3029222e+02
   2.3572727e+02   2.5333069e+02
   2.3563636e+02   2.5669280e+02
   2.3545455e+02   2.4947503e+02
   2.3527273e+02   1.8599418e+02
   2.3500000e+02   2.1175116e+02
   2.3472727e+02   2.3350466e+02
   2.3436364e+02   2.7170796e+02
   2.3400000e+02   2.7953588e+02
   2.3363636e+02   2.2225534e+02
   2.3318182e+02   2.0836358e+02
   2.3272727e+02   2.3856184e+02
   2.3227273e+02   2.5309680e+02
   2.3181818e+02   2.6185984e+02
   2.3136364e+02   2.2723674e+02
   2.3090909e+02   1.9402472e+02
   2.3054545e+02   2.1317498e+02
   2.3018182e+02   2.3251353e+02
   2.2981818e+02   2.5101545e+02
   2.2945455e+02   2.2747890e+02
   2.2909091e+02   1.9008346e+02
   2.2890909e+02   2.0669511e+02
   2.2854545e+02   2.1732484e+02
   2.2818182e+02   2.4507596e+02
   2.2781818e+02   2.1506419e+02
   2.2736364e+02   2.2428637e+02
   2.2690909e+02   2.2500046e+02
   2.2645455e+02   2.3172874e+02
   2.2600000e+02   2.3638660e+02
   2.2545455e+02   2.0695149e+02
   2.2490909e+02   2.1798760e+02
   2.2436364e+02   2.1723102e+02
   2.2381818e+02   2.3235334e+02
   2.2336364e+02   2.1651232e+02
   2.2290909e+02   1.9511897e+02
   2.2245455e+02   2.2414797e+02
   2.2218182e+02   2.2045261e+02
   2.2172727e+02   2.3543136e+02
   2.2127273e+02   2.3942707e+02
   2.2081818e+02   1.9759737e+02
   2.2036364e+02   1.7455553e+02
   2.1990909e+02   2.2930485e+02
   2.1945455e+02   2.5388604e+02
   2.1881818e+02   2.1781933e+02
   2.1827273e+02   2.1219925e+02
   2.1772727e+02   1.8264317e+02
   2.1700000e+02   2.2332694e+02
   2.1627273e+02   2.5922813e+02
   2.1572727e+02   2.4187182e+02
   2.1518182e+02   2.0176038e+02
   2.1445455e+02   1.9055313e+02
   2.1390909e+02   1.9725145e+02
   2.1336364e+02   2.2625138e+02
   2.1263636e+02   2.3965876e+02
   2.1209091e+02   1.8975480e+02
   2.1154545e+02   1.7942737e+02
   2.1100000e+02   2.1549834e+02
   2.1045455e+02   2.2752963e+02
   2.0990909e+02   2.3188296e+02
   2.0936364e+02   2.0786821e+02
   2.0872727e+02   1.9736856e+02
   2.0827273e+02   1.9372401e+02
   2.0781818e+02   2.2942875e+02
   2.0718182e+02   2.0881991e+02
   2.0672727e+02   2.0672643e+02
   2.0609091e+02   1.9044830e+02
   2.0545455e+02   1.9485777e+02
   2.0481818e+02   2.0399473e+02
   2.0427273e+02   1.9916252e+02
   2.0372727e+02   1.7230333e+02
   2.0318182e+02   1.9674051e+02
   2.0254545e+02   1.9654992e+02
   2.0190909e+02   2.2458330e+02
   2.0127273e+02   2.0904279e+02
   2.0081818e+02   1.8209797e+02
   2.0027273e+02   1.9009848e+02
   1.9990909e+02   2.3602581e+02
   1.9954545e+02   2.2432930e+02
   1.9909091e+02   2.0084895e+02
   1.9872727e+02   1.8381948e+02
   1.9836364e+02   1.8508405e+02
   1.9800000e+02   2.0050867e+02
   1.9772727e+02   2.2412933e+02
   1.9745455e+02   2.1520855e+02
   1.9718182e+02   1.5966101e+02
   1.9672727e+02   1.6134434e+02
   1.9636364e+02   1.9706437e+02
   1.9600000e+02   2.4802874e+02
   1.9563636e+02   2.1510448e+02
   1.9536364e+02   1.8281533e+02
   1.9509091e+02   1.6466313e+02
   1.9481818e+02   1.8270323e+02
   1.9445455e+02   2.3353371e+02
   1.9409091e+02   2.1623618e+02
   1.9372727e+02   2.1340149e+02
   1.9336364e+02   1.8219265e+02
   1.9318182e+02   1.9013917e+02
   1.9300000e+02   1.9152148e+02
   1.9281818e+02   2.2470859e+02
   1.9263636e+02   1.8506958e+02
   1.9245455e+02   2.0135787e+02
   1.9218182e+02   1.8228799e+02
   1.9190909e+02   2.2329152e+02
   1.9172727e+02   2.0483836e+02
   1.9163636e+02   1.8655574e+02
   1.9154545e+02   1.8278887e+02
   1.9145455e+02   1.9797045e+02
   1.9136364e+02   2.0760747e+02
   1.9127273e+02   1.9375231e+02
   1.9118182e+02   1.7915308e+02
   1.9109091e+02   1.6882664e+02
   1.9109091e+02   2.0636143e+02
   1.9118182e+02   2.1996883e+02
   1.9127273e+02   1.9578203e+02
   1.9136364e+02   1.6097680e+02
   1.9145455e+02   1.7444101e+02
   1.9154545e+02   2.1288743e+02
   1.9163636e+02   2.2294517e+02
   1.9172727e+02   1.9256480e+02
   1.9181818e+02   1.7896274e+02
   1.9190909e+02   1.6159982e+02
   1.9209091e+02   1.8993728e+02
   1.9218182e+02   2.4682655e+02
   1.9227273e+02   2.2845729e+02
   1.9245455e+02   1.6879882e+02
   1.9263636e+02   1.7636581e+02
   1.9281818e+02   1.5992370e+02
   1.9300000e+02   2.1997908e+02
   1.9318182e+02   2.3274245e+02
   1.9336364e+02   1.9041978e+02
   1.9354545e+02   1.5236655e+02
   1.9372727e+02   1.7676421e+02
   1.9390909e+02   2.0384881e+02
   1.9409091e+02   2.1945965e+02
   1.9427273e+02   1.9650370e+02
   1.9436364e+02   1.8517986e+02
   1.9445455e+02   1.9147946e+02
   1.9454545e+02   1.9551282e+02
   1.9463636e+02   1.9577742e+02
   1.9472727e+02   1.9130616e+02
   1.9481818e+02   1.7487313e+02
   1.9490909e+02   1.8707929e+02
   1.9509091e+02   2.0092272e+02
   1.9518182e+02   1.8251474e+02
   1.9527273e+02   1.6924164e+02
   1.9536364e+02   1.8245115e+02
   1.9545455e+02   2.2612522e+02
   1.9554545e+02   2.2948429e+02
   1.9572727e+02   1.9172447e+02
   1.9590909e+02   1.7477891e+02
   1.9609091e+02   1.6958557e+02
   1.9627273e+02   2.0038304e+02
   1.9645455e+02   2.2027245e+02
   1.9654545e+02   2.1056301e+02
   1.9663636e+02   1.8342357e+02
   1.9672727e+02   1.7666836e+02
   1.9681818e+02   1.9610763e+02
   1.9690909e+02   2.4561671e+02
   1.9709091e+02   2.2105613e+02
   1.9718182e+02   1.6776683e+02
   1.9727273e+02   1.7271291e+02
   1.9736364e+02   1.8874430e+02
   1.9745455e+02   2.2383679e+02
   1.9754545e+02   2.1363914e+02
   1.9763636e+02   1.9772792e+02
   1.9772727e+02   1.5307109e+02
   1.9790909e+02   1.8505193e+02
   1.9809091e+02   2.1990230e+02
   1.9827273e+02   2.2400071e+02
   1.9836364e+02   2.0371923e+02
   1.9845455e+02   1.9243832e+02
   1.9854545e+02   1.9198904e+02
   1.9863636e+02   2.0478080e+02
   1.9872727e+02   2.1922525e+02
   1.9881818e+02   2.0148973e+02
   1.9890909e+02   2.0157650e+02
   1.9900000e+02   2.0991375e+02
   1.9900000e+02   2.1736845e+02
   1.9900000e+02   1.9357323e+02
   1.9900000e+02   1.9839669e+02
   1.9900000e+02   1.9536995e+02
   1.9890909e+02   2.1079039e+02
   1.9881818e+02   1.9974720e+02
   1.9872727e+02   1.9612818e+02
   1.9863636e+02   1.8183719e+02
   1.9854545e+02   2.0166340e+02
   1.9845455e+02   2.2045344e+02
   1.9827273e+02   2.0546399e+02
   1.9809091e+02   1.8657265e+02
   1.9790909e+02   1.7024746e+02
   1.9763636e+02   1.6286869e+02
   1.9736364e+02   2.0191048e+02
   1.9709091e+02   2.4080723e+02
   1.9681818e+02   2.1775975e+02
   1.9654545e+02   1.6472882e+02
   1.9618182e+02   1.6711202e+02
   1.9581818e+02   1.8506760e+02
   1.9545455e+02   2.1429437e+02
   1.9509091e+02   2.2543576e+02
   1.9472727e+02   1.9046181e+02
   1.9436364e+02   1.4580818e+02
   1.9400000e+02   1.8764934e+02
   1.9363636e+02   2.0438654e+02
   1.9336364e+02   2.2228997e+02
   1.9300000e+02   2.0280316e+02
   1.9263636e+02   1.7281721e+02
   1.9236364e+02   1.8268922e+02
   1.9209091e+02   1.9200733e+02
   1.9163636e+02   2.0200020e+02
   1.9127273e+02   1.8183387e+02
   1.9090909e+02   1.8921432e+02
   1.9045455e+02   1.7496529e+02
   1.9009091e+02   2.0418094e+02
   1.8972727e+02   1.9430301e+02
   1.8918182e+02   1.7659015e+02
   1.8872727e+02   1.8972296e+02
   1.8827273e+02   1.9783818e+02
   1.8772727e+02   1.9485854e+02
   1.8718182e+02   1.7396639e+02
   1.8663636e+02   1.6107404e+02
   1.8609091e+02   1.8619301e+02
   1.8554545e+02   2.0412049e+02
   1.8490909e+02   2.2044974e+02
   1.8427273e+02   1.9235452e+02
   1.8363636e+02   1.6219321e+02
   1.8300000e+02   1.5187117e+02
   1.8236364e+02   1.9095419e+02
   1.8154545e+02   2.3268108e+02
   1.8081818e+02   1.9378487e+02
   1.8009091e+02   1.5636178e+02
   1.7936364e+02   1.6447164e+02
   1.7863636e+02   1.8047471e+02
   1.7781818e+02   2.0710294e+02
   1.7718182e+02   1.8967472e+02
   1.7654545e+02   1.6876717e+02
   1.7572727e+02   1.6417253e+02
   1.7509091e+02   1.8306901e+02
   1.7436364e+02   1.8921494e+02
   1.7381818e+02   2.0292241e+02
   1.7309091e+02   1.5841588e+02
   1.7236364e+02   1.4403205e+02
   1.7181818e+02   1.5572964e+02
   1.7118182e+02   2.0041676e+02
   1.7063636e+02   1.8577767e+02
   1.6990909e+02   1.7535039e+02
   1.6918182e+02   1.7054849e+02
   1.6863636e+02   1.4397303e+02
   1.6800000e+02   1.8965152e+02
   1.6745455e+02   1.6576893e+02
   1.6681818e+02   1.5222614e+02
   1.6636364e+02   1.6673630e+02
   1.6581818e+02   1.5405662e+02
   1.6527273e+02   1.8735597e+02
   1.6481818e+02   1.7651968e+02
   1.6436364e+02   1.6410345e+02
   1.6409091e+02   1.4593078e+02
   1.6372727e+02   1.6539153e+02
   1.6327273e+02   1.9551771e+02
   1.6290909e+02   1.7053265e+02
   1.6254545e+02   1.3022783e+02
   1.6227273e+02   1.3880769e+02
   1.6190909e+02   1.5590820e+02
   1.6163636e+02   1.8357796e+02
   1.6136364e+02   1.9408539e+02
   1.6109091e+02   1.1809603e+02
   1.6081818e+02   1.3870070e+02
   1.6045455e+02   1.8896448e+02
   1.6018182e+02   2.0793176e+02
   1.6000000e+02   1.9806544e+02
   1.5981818e+02   1.1652091e+02
   1.5963636e+02   1.2533806e+02
   1.5945455e+02   1.5341820e+02
   1.5927273e+02   1.8861425e+02
   1.5909091e+02   1.9516971e+02
   1.5890909e+02   1.4049083e+02
   1.5872727e+02   1.3321937e+02
   1.5854545e+02   1.6299168e+02
   1.5845455e+02   1.8532024e+02
   1.5836364e+02   1.9658609e+02
   1.5827273e+02   1.5343254e+02
   1.5818182e+02   1.4273071e+02
   1.5800000e+02   1.2767434e+02
   1.5781818e+02   1.7014639e+02
   1.5772727e+02   1.7687533e+02
   1.5763636e+02   1.5490377e+02
   1.5754545e+02   1.5612410e+02
   1.5745455e+02   1.2072240e+02
   1.5736364e+02   1.7749044e+02
   1.5727273e+02   1.5334621e+02
   1.5718182e+02   1.6142416e+02
   1.5709091e+02   1.5460518e+02
   1.5690909e+02   1.3897047e+02
   1.5681818e+02   1.5766372e+02
   1.5672727e+02   1.4272020e+02
   1.5663636e+02   1.5545952e+02
   1.5654545e+02   1.5325699e+02
   1.5645455e+02   1.8313821e+02
   1.5636364e+02   1.6600754e+02
   1.5627273e+02   1.6053642e+02
   1.5609091e+02   1.3696920e+02
   1.5590909e+02   1.3472506e+02
   1.5572727e+02   1.8511099e+02
   1.5563636e+02   1.6572799e+02
   1.5554545e+02   1.5563947e+02
   1.5545455e+02   1.2844183e+02
   1.5536364e+02   1.1432771e+02
   1.5527273e+02   1.5890362e+02
   1.5509091e+02   2.1155222e+02
   1.5490909e+02   1.7809324e+02
   1.5472727e+02   1.3889615e+02
   1.5463636e+02   1.1970516e+02
   1.5454545e+02   1.4777604e+02
   1.5445455e+02   1.8183484e+02
   1.5436364e+02   1.8464555e+02
   1.5427273e+02   1.4376802e+02
   1.5409091e+02   1.1387414e+02
   1.5390909e+02   1.4761491e+02
   1.5372727e+02   1.5818456e+02
   1.5363636e+02   1.8466502e+02
   1.5354545e+02   1.6189169e+02
   1.5345455e+02   1.2833172e+02
   1.5327273e+02   1.4853731e+02
   1.5309091e+02   1.7578923e+02
   1.5290909e+02   1.6938582e+02
   1.5272727e+02   1.5495283e+02
   1.5254545e+02   1.6114324e+02
   1.5236364e+02   1.4212196e+02
   1.5218182e+02   1.7830793e+02
   1.5200000e+02   1.7062541e+02
   1.5181818e+02   1.4263034e+02
   1.5163636e+02   1.5199938e+02
   1.5145455e+02   1.5355240e+02
   1.5136364e+02   1.6610920e+02
   1.5127273e+02   1.6370771e+02
   1.5118182e+02   1.3937575e+02
   1.5100000e+02   1.4010721e+02
   1.5081818e+02   1.8009612e+02
   1.5072727e+02   1.7276617e+02
   1.5063636e+02   1.5057009e+02
   1.5054545e+02   1.2050581e+02
   1.5036364e+02   1.3841411e+02
   1.5018182e+02   1.7158042e+02
   1.5000000e+02   1.8263956e+02
   1.4981818e+02   1.6605942e+02
   1.4963636e+02   1.1806118e+02
   1.4945455e+02   1.3137382e+02
   1.4927273e+02   1.2533909e+02
   1.4909091e+02   1.8434291e+02
   1.4890909e+02   1.8609683e+02
   1.4872727e+02   1.3484764e+02
   1.4854545e+02   1.0738539e+02
   1.4845455e+02   1.4369372e+02
   1.4836364e+02   1.6198664e+02
   1.4827273e+02   1.7941559e+02
   1.4818182e+02   1.4475115e+02
   1.4800000e+02   1.3038729e+02
   1.4781818e+02   1.3138862e+02
   1.4772727e+02   1.6893791e+02
   1.4763636e+02   1.6315494e+02
   1.4754545e+02   1.7271727e+02
   1.4745455e+02   1.4584757e+02
   1.4736364e+02   1.4645466e+02
   1.4727273e+02   1.4719916e+02
   1.4718182e+02   1.6589180e+02
   1.4709091e+02   1.4059273e+02
   1.4690909e+02   1.5709917e+02
   1.4681818e+02   1.5354884e+02
   1.4672727e+02   1.6634893e+02
   1.4663636e+02   1.3820317e+02
   1.4654545e+02   1.2706579e+02
   1.4645455e+02   1.3879014e+02
   1.4627273e+02   1.5577249e+02
   1.4609091e+02   1.6121534e+02
   1.4590909e+02   1.6134044e+02
   1.4572727e+02   1.1236324e+02
   1.4554545e+02   1.3395067e+02
   1.4545455e+02   1.7533671e+02
   1.4536364e+02   1.5897047e+02
   1.4527273e+02   1.6132645e+02
   1.4509091e+02   1.1494739e+02
   1.4490909e+02   1.0779674e+02
   1.4472727e+02   1.3475660e+02
   1.4463636e+02   1.8391354e+02
   1.4454545e+02   1.9419395e+02
   1.4445455e+02   1.3576768e+02
   1.4436364e+02   1.0799417e+02
   1.4418182e+02   1.6213413e+02
   1.4400000e+02   1.6106223e+02
   1.4381818e+02   1.6774394e+02
   1.4363636e+02   1.4147575e+02
   1.4354545e+02   9.4306595e+01
   1.4345455e+02   1.1695178e+02
   1.4327273e+02   1.6340019e+02
   1.4309091e+02   1.7478995e+02
   1.4290909e+02   1.3009021e+02
   1.4272727e+02   1.2579686e+02
   1.4254545e+02   1.2937475e+02
   1.4245455e+02   1.5205862e+02
   1.4236364e+02   1.6709973e+02
   1.4218182e+02   1.4241748e+02
   1.4200000e+02   1.3710060e+02
   1.4181818e+02   1.3052422e+02
   1.4163636e+02   1.3151933e+02
   1.4154545e+02   1.4409638e+02
   1.4145455e+02   9.6697197e+01
   1.4127273e+02   1.3332993e+02
   1.4109091e+02   1.4854612e+02
   1.4090909e+02   1.5752808e+02
   1.4072727e+02   1.4515057e+02
   1.4054545e+02   1.2975835e+02
   1.4045455e+02   1.2495053e+02
   1.4036364e+02   1.5182827e+02
   1.4027273e+02   1.6405804e+02
   1.4018182e+02   1.5627563e+02
   1.4009091e+02   1.1305268e+02
   1.3990909e+02   1.1125001e+02
   1.3981818e+02   1.7177883e+02
   1.3972727e+02   1.5639432e+02
   1.3963636e+02   1.4378899e+02
   1.3954545e+02   1.0188178e+02
   1.3945455e+02   9.9280936e+01
   1.3927273e+02   1.3812794e+02
   1.3909091e+02   1.8346447e+02
   1.3890909e+02   1.6308568e+02
   1.3872727e+02   1.4742465e+02
   1.3854545e+02   1.0431797e+02
   1.3845455e+02   1.2584302e+02
   1.3827273e+02   1.6120902e+02
   1.3809091e+02   1.7179180e+02
   1.3790909e+02   1.3798314e+02
   1.3772727e+02   1.1596079e+02
   1.3754545e+02   1.1662073e+02
   1.3736364e+02   1.5965684e+02
   1.3718182e+02   1.5942852e+02
   1.3700000e+02   1.3974439e+02
   1.3681818e+02   1.3028556e+02
   1.3663636e+02   1.5475554e+02
   1.3645455e+02   1.5710666e+02
   1.3627273e+02   1.4279305e+02
   1.3609091e+02   1.2966807e+02
   1.3590909e+02   1.3524951e+02
   1.3572727e+02   1.2712213e+02
   1.3554545e+02   1.4536607e+02
   1.3545455e+02   1.1742327e+02
   1.3527273e+02   1.0545757e+02
   1.3509091e+02   1.2328520e+02
   1.3490909e+02   1.4884697e+02
   1.3472727e+02   1.5466259e+02
   1.3454545e+02   1.2753675e+02
   1.3445455e+02   9.3952169e+01
   1.3436364e+02   1.2793883e+02
   1.3418182e+02   1.4207202e+02
   1.3400000e+02   1.5434087e+02
   1.3381818e+02   1.4981811e+02
   1.3363636e+02   1.1302835e+02
   1.3354545e+02   1.0433951e+02
   1.3345455e+02   1.3762204e+02
   1.3327273e+02   1.8050274e+02
   1.3309091e+02   1.4279006e+02
   1.3290909e+02   1.0656776e+02
   1.3263636e+02   8.7015562e+01
   1.3236364e+02   1.4108985e+02
   1.3218182e+02   1.6687115e+02
   1.3200000e+02   1.6208124e+02
   1.3181818e+02   1.0944232e+02
   1.3154545e+02   1.0076946e+02
   1.3127273e+02   1.2104966e+02
   1.3100000e+02   1.4837135e+02
   1.3072727e+02   1.5299037e+02
   1.3045455e+02   1.1628116e+02
   1.3018182e+02   9.7869418e+01
   1.2990909e+02   1.1908959e+02
   1.2963636e+02   1.3903583e+02
   1.2936364e+02   1.5686394e+02
   1.2909091e+02   1.1517444e+02
   1.2881818e+02   1.0398032e+02
   1.2863636e+02   1.2838352e+02
   1.2836364e+02   1.1532842e+02
   1.2809091e+02   1.3598132e+02
   1.2790909e+02   1.2737624e+02
   1.2763636e+02   1.1935368e+02
   1.2736364e+02   1.1872208e+02
   1.2718182e+02   1.4276830e+02
   1.2700000e+02   1.2895650e+02
   1.2681818e+02   1.1417765e+02
   1.2654545e+02   1.0890254e+02
   1.2627273e+02   1.3459805e+02
   1.2600000e+02   1.6596472e+02
   1.2581818e+02   1.3704430e+02
   1.2563636e+02   1.0465463e+02
   1.2536364e+02   8.6698277e+01
   1.2518182e+02   1.0896538e+02
   1.2490909e+02   1.5243713e+02
   1.2463636e+02   1.3271000e+02
   1.2436364e+02   9.3105149e+01
   1.2409091e+02   8.7536683e+01
   1.2390909e+02   1.2778489e+02
   1.2372727e+02   1.4865223e+02
   1.2354545e+02   1.6027030e+02
   1.2336364e+02   1.0651981e+02
   1.2318182e+02   9.5316884e+01
   1.2309091e+02   9.1164959e+01
   1.2300000e+02   1.4131912e+02
   1.2300000e+02   1.2576636e+02
   1.2300000e+02   1.1890517e+02
   1.2290909e+02   1.0583028e+02
   1.2281818e+02   1.2054828e+02
   1.2272727e+02   1.1668939e+02
   1.2263636e+02   1.2481467e+02
   1.2254545e+02   1.3141499e+02
   1.2245455e+02   1.0767109e+02
   1.2236364e+02   1.0243387e+02
   1.2227273e+02   1.3607756e+02
   1.2218182e+02   1.2547829e+02
   1.2209091e+02   1.2398510e+02
   1.2200000e+02   1.1143061e+02
   1.2200000e+02   1.1278663e+02
   1.2200000e+02   1.4050158e+02
   1.2200000e+02   1.3291218e+02
   1.2200000e+02   1.2765471e+02
   1.2200000e+02   1.1392266e+02
   1.2200000e+02   1.2820953e+02
   1.2200000e+02   1.4488844e+02
   1.2200000e+02   1.1064370e+02
   1.2200000e+02   9.7351389e+01
   1.2200000e+02   9.7341220e+01
   1.2200000e+02   1.3816942e+02
   1.2200000e+02   1.3415493e+02
   1.2209091e+02   1.0835722e+02
   1.2218182e+02   1.0202954e+02
   1.2227273e+02   9.5548258e+01
   1.2236364e+02   1.2405249e+02
   1.2245455e+02   1.5933641e+02
   1.2254545e+02   1.3683426e+02
   1.2263636e+02   1.1982510e+02
   1.2281818e+02   8.2372915e+01
   1.2300000e+02   1.3217732e+02
   1.2318182e+02   1.4452387e+02
   1.2336364e+02   1.3672900e+02
   1.2345455e+02   9.8443715e+01
   1.2354545e+02   1.0043964e+02
   1.2363636e+02   1.1761832e+02
   1.2372727e+02   1.5192899e+02
   1.2381818e+02   1.6788227e+02
   1.2390909e+02   1.4169416e+02
   1.2409091e+02   1.1076077e+02
   1.2418182e+02   1.2211958e+02
   1.2427273e+02   1.2815323e+02
   1.2436364e+02   1.4073884e+02
   1.2445455e+02   1.2562547e+02
   1.2463636e+02   1.2243630e+02
   1.2481818e+02   1.2045393e+02
   1.2500000e+02   1.2325899e+02
   1.2518182e+02   1.3156269e+02
   1.2536364e+02   1.2540464e+02
   1.2554545e+02   1.1945832e+02
   1.2563636e+02   1.4005573e+02
   1.2581818e+02   1.4721670e+02
   1.2600000e+02   1.1102081e+02
   1.2618182e+02   1.0438726e+02
   1.2636364e+02   1.3121745e+02
   1.2645455e+02   1.5449052e+02
   1.2663636e+02   1.6768394e+02
   1.2681818e+02   1.1803394e+02
   1.2700000e+02   1.1567865e+02
   1.2718182e+02   1.1135044e+02
   1.2736364e+02   1.4445459e+02
   1.2754545e+02   1.5431689e+02
   1.2772727e+02   1.4291810e+02
   1.2790909e+02   1.2245815e+02
   1.2809091e+02   1.0407633e+02
   1.2827273e+02   1.0898137e+02
   1.2845455e+02   1.6199291e+02
   1.2854545e+02   1.3361185e+02
   1.2872727e+02   1.1741889e+02
   1.2890909e+02   8.7898484e+01
   1.2909091e+02   1.1406201e+02
   1.2927273e+02   1.5723360e+02
   1.2954545e+02   1.5856227e+02
   1.2972727e+02   1.1533732e+02
   1.2990909e+02   9.5985119e+01
   1.3009091e+02   1.0941354e+02
   1.3027273e+02   1.3764322e+02
   1.3054545e+02   1.7342241e+02
   1.3081818e+02   1.3604340e+02
   1.3100000e+02   1.0702833e+02
   1.3118182e+02   1.2876715e+02
   1.3136364e+02   1.3465389e+02
   1.3154545e+02   1.4236146e+02
   1.3163636e+02   1.3134474e+02
   1.3172727e+02   1.2351799e+02
   1.3181818e+02   1.4413912e+02
   1.3190909e+02   1.4278710e+02
   1.3209091e+02   1.4639570e+02
   1.3218182e+02   1.1580907e+02
   1.3227273e+02   1.2246361e+02
   1.3236364e+02   1.4611608e+02
   1.3245455e+02   1.5082011e+02
   1.3254545e+02   1.3205935e+02
   1.3263636e+02   1.1304879e+02
   1.3272727e+02   1.0794302e+02
   1.3281818e+02   1.3421596e+02
   1.3309091e+02   1.5869611e+02
   1.3336364e+02   1.3523607e+02
   1.3354545e+02   1.1446420e+02
   1.3372727e+02   1.0878012e+02
   1.3390909e+02   1.4841985e+02
   1.3409091e+02   1.6337908e+02
   1.3427273e+02   1.6046504e+02
   1.3445455e+02   1.2818979e+02
   1.3463636e+02   1.0150457e+02
   1.3490909e+02   1.2280504e+02
   1.3518182e+02   1.6920266e+02
   1.3527273e+02   1.6048161e+02
   1.3536364e+02   1.2996295e+02
   1.3545455e+02   1.0039006e+02
   1.3554545e+02   1.2877696e+02
   1.3563636e+02   1.3349767e+02
   1.3572727e+02   1.6030598e+02
   1.3590909e+02   1.3227917e+02
   1.3609091e+02   1.0691436e+02
   1.3627273e+02   1.2729145e+02
   1.3636364e+02   1.3857777e+02
   1.3645455e+02   1.5817871e+02
   1.3654545e+02   1.1805395e+02
   1.3663636e+02   1.3388154e+02
   1.3672727e+02   1.4296217e+02
   1.3700000e+02   1.2292803e+02
   1.3727273e+02   1.4340872e+02
   1.3754545e+02   1.3970149e+02
   1.3772727e+02   1.3709515e+02
   1.3790909e+02   1.6127027e+02
   1.3809091e+02   1.5233980e+02
   1.3827273e+02   1.1168592e+02
   1.3845455e+02   1.1355641e+02
   1.3872727e+02   1.3837796e+02
   1.3900000e+02   1.5080507e+02
   1.3927273e+02   1.5511600e+02
   1.3936364e+02   1.2003852e+02
   1.3945455e+02   1.0164815e+02
   1.3954545e+02   1.1231203e+02
   1.3963636e+02   1.6128820e+02
   1.3990909e+02   1.7809341e+02
   1.4018182e+02   1.7192761e+02
   1.4045455e+02   1.2201051e+02
   1.4072727e+02   1.0471188e+02
   1.4090909e+02   1.4575458e+02
   1.4109091e+02   1.8214828e+02
   1.4127273e+02   1.6961199e+02
   1.4163636e+02   1.1425497e+02
   1.4200000e+02   1.0355671e+02
   1.4236364e+02   1.2875125e+02
   1.4272727e+02   1.6789218e+02
   1.4290909e+02   1.9141085e+02
   1.4309091e+02   1.4988198e+02
   1.4327273e+02   1.1275700e+02
   1.4345455e+02   1.2494878e+02
   1.4372727e+02   1.5054393e+02
   1.4400000e+02   1.6015538e+02
   1.4427273e+02   1.5787565e+02
   1.4436364e+02   1.5074781e+02
   1.4445455e+02   1.3941664e+02
   1.4454545e+02   1.5534141e+02
   1.4463636e+02   1.3754610e+02
   1.4472727e+02   1.5756649e+02
   1.4481818e+02   1.3324595e+02
   1.4509091e+02   1.4989103e+02
   1.4536364e+02   1.5889823e+02
   1.4554545e+02   1.4684513e+02
   1.4572727e+02   1.3635856e+02
   1.4590909e+02   1.4010494e+02
   1.4609091e+02   1.8198216e+02
   1.4627273e+02   1.7884854e+02
   1.4645455e+02   1.6764513e+02
   1.4663636e+02   1.3383854e+02
   1.4690909e+02   1.3457145e+02
   1.4718182e+02   1.6432410e+02
   1.4727273e+02   1.7676757e+02
   1.4736364e+02   1.6361768e+02
   1.4745455e+02   1.1718726e+02
   1.4754545e+02   1.2101216e+02
   1.4763636e+02   1.4984902e+02
   1.4772727e+02   1.9039767e+02
   1.4781818e+02   1.6279166e+02
   1.4790909e+02   1.1215801e+02
   1.4818182e+02   1.1137822e+02
   1.4836364e+02   1.3361873e+02
   1.4854545e+02   1.6848531e+02
   1.4872727e+02   1.7153496e+02
   1.4890909e+02   1.4582303e+02
   1.4909091e+02   1.1955599e+02
   1.4927273e+02   1.2267616e+02
   1.4945455e+02   1.8447804e+02
   1.4963636e+02   1.7833167e+02
   1.4981818e+02   1.5647146e+02
   1.5018182e+02   1.2176498e+02
   1.5036364e+02   1.3792680e+02
   1.5054545e+02   1.6344440e+02
   1.5072727e+02   1.5352419e+02
   1.5090909e+02   1.6168329e+02
   1.5109091e+02   1.5577827e+02
   1.5127273e+02   1.3830186e+02
   1.5145455e+02   1.3957149e+02
   1.5163636e+02   1.2992475e+02
   1.5190909e+02   1.4224824e+02
   1.5218182e+02   1.6380138e+02
   1.5227273e+02   1.5490557e+02
   1.5236364e+02   1.6212810e+02
   1.5245455e+02   1.3233862e+02
   1.5254545e+02   1.3614301e+02
   1.5263636e+02   1.4323584e+02
   1.5272727e+02   1.7133953e+02
   1.5281818e+02   1.6633104e+02
   1.5309091e+02   1.7419703e+02
   1.5336364e+02   1.2177262e+02
   1.5354545e+02   1.1233611e+02
   1.5372727e+02   1.6584381e+02
   1.5390909e+02   1.9735489e+02
   1.5409091e+02   1.7301708e+02
   1.5427273e+02   1.1567631e+02
   1.5445455e+02   1.4434495e+02
   1.5463636e+02   1.5991023e+02
   1.5490909e+02   1.8568626e+02
   1.5518182e+02   1.7583309e+02
   1.5527273e+02   1.4160086e+02
   1.5536364e+02   1.1606662e+02
   1.5545455e+02   1.3069435e+02
   1.5554545e+02   1.9193574e+02
   1.5563636e+02   1.8005544e+02
   1.5581818e+02   1.6139278e+02
   1.5600000e+02   1.3564270e+02
   1.5618182e+02   1.4276882e+02
   1.5636364e+02   1.6811562e+02
   1.5645455e+02   1.6164471e+02
   1.5654545e+02   1.6004538e+02
   1.5663636e+02   1.6093572e+02
   1.5690909e+02   1.6459034e+02
   1.5718182e+02   1.6920708e+02
   1.5745455e+02   1.6761067e+02
   1.5772727e+02   1.5648426e+02
   1.5790909e+02   1.4198053e+02
   1.5818182e+02   1.5427117e+02
   1.5845455e+02   1.5297694e+02
   1.5872727e+02   1.4978467e+02
   1.5900000e+02   1.5486413e+02
   1.5927273e+02   1.6645296e+02
   1.5954545e+02   1.8285016e+02
   1.5963636e+02   1.8306909e+02
   1.5972727e+02   1.7434219e+02
   1.5981818e+02   1.1433855e+02
   1.6000000e+02   1.4646804e+02
   1.6018182e+02   1.4622497e+02
   1.6027273e+02   2.0183388e+02
   1.6036364e+02   1.6274810e+02
   1.6054545e+02   1.4621662e+02
   1.6072727e+02   1.4059167e+02
   1.6090909e+02   1.5777272e+02
   1.6109091e+02   1.8560253e+02
   1.6127273e+02   1.8112064e+02
   1.6145455e+02   1.4400009e+02
   1.6163636e+02   1.2979670e+02
   1.6172727e+02   1.5636689e+02
   1.6181818e+02   1.9317033e+02
   1.6190909e+02   1.8105792e+02
   1.6209091e+02   1.5735932e+02
   1.6218182e+02   1.3017039e+02
   1.6227273e+02   1.4527168e+02
   1.6236364e+02   1.6975385e+02
   1.6245455e+02   1.8583289e+02
   1.6254545e+02   1.6745247e+02
   1.6263636e+02   1.5007442e+02
   1.6272727e+02   1.6032392e+02
   1.6281818e+02   1.6702390e+02
   1.6290909e+02   1.8021056e+02
   1.6300000e+02   1.6894926e+02
   1.6300000e+02   1.4658204e+02
   1.6300000e+02   1.5239828e+02
   1.6300000e+02   1.7495393e+02
   1.6290909e+02   1.4040258e+02
   1.6281818e+02   1.7028804e+02
   1.6272727e+02   1.6841865e+02
   1.6263636e+02   1.6014559e+02
   1.6254545e+02   1.9593882e+02
   1.6245455e+02   1.5950322e+02
   1.6236364e+02   1.5519012e+02
   1.6227273e+02   1.8051534e+02
   1.6218182e+02   1.6841059e+02
   1.6209091e+02   1.9126076e+02
   1.6200000e+02   1.3687544e+02
   1.6200000e+02   1.2284211e+02
   1.6200000e+02   1.3067510e+02
   1.6200000e+02   1.8027408e+02
   1.6200000e+02   1.8691199e+02
   1.6200000e+02   1.7790920e+02
   1.6200000e+02   1.3574058e+02
   1.6200000e+02   1.3484593e+02
   1.6190909e+02   1.9203273e+02
   1.6181818e+02   1.8890175e+02
   1.6172727e+02   1.7574076e+02
   1.6163636e+02   1.4661061e+02
   1.6154545e+02   1.2686753e+02
   1.6145455e+02   1.4134723e+02
   1.6136364e+02   2.0271716e+02
   1.6127273e+02   1.9215126e+02
   1.6118182e+02   1.6177924e+02
   1.6109091e+02   1.2580154e+02
   1.6100000e+02   1.3677414e+02
   1.6100000e+02   1.8139139e+02
   1.6100000e+02   1.8160734e+02
   1.6100000e+02   1.6867697e+02
   1.6100000e+02   1.4617119e+02
   1.6100000e+02   1.4878857e+02
   1.6100000e+02   1.7579985e+02
   1.6100000e+02   1.6687246e+02
   1.6100000e+02   1.9084981e+02
   1.6100000e+02   1.6270577e+02
   1.6100000e+02   1.5252215e+02
   1.6100000e+02   1.5999016e+02
   1.6100000e+02   1.4527771e+02
   1.6100000e+02   1.4630181e+02
   1.6100000e+02   1.5016019e+02
   1.6100000e+02   1.7693834e+02
   1.6100000e+02   1.9713936e+02
   1.6100000e+02   1.6391805e+02
   1.6100000e+02   1.4295740e+02
   1.6100000e+02   1.4079177e+02
   1.6100000e+02   1.7902130e+02
   1.6100000e+02   1.9810218e+02
   1.6109091e+02   1.6901306e+02
   1.6118182e+02   1.5056452e+02
   1.6127273e+02   1.2026437e+02
   1.6136364e+02   1.7338999e+02
   1.6145455e+02   1.8587477e+02
   1.6154545e+02   1.9759149e+02
   1.6163636e+02   1.6576486e+02
   1.6181818e+02   1.3338731e+02
   1.6200000e+02   1.4025326e+02
   1.6218182e+02   1.9380154e+02
   1.6236364e+02   1.8414621e+02
   1.6245455e+02   1.4139439e+02
   1.6254545e+02   1.2575607e+02
   1.6263636e+02   1.2693596e+02
   1.6272727e+02   1.7614126e+02
   1.6281818e+02   2.0068578e+02
   1.6300000e+02   1.6663210e+02
   1.6318182e+02   1.2316499e+02
   1.6327273e+02   1.5714384e+02
   1.6336364e+02   1.8206282e+02
   1.6354545e+02   1.6427237e+02
   1.6372727e+02   1.5468870e+02
   1.6390909e+02   1.6084850e+02
   1.6409091e+02   1.4398557e+02
   1.6427273e+02   1.6227542e+02
   1.6445455e+02   1.5784005e+02
   1.6463636e+02   1.5935129e+02
   1.6472727e+02   1.5818763e+02
   1.6481818e+02   1.6713765e+02
   1.6490909e+02   1.6340992e+02
   1.6509091e+02   1.6001141e+02
   1.6518182e+02   1.3276201e+02
   1.6527273e+02   1.7114100e+02
   1.6536364e+02   1.5856235e+02
   1.6545455e+02   1.8032446e+02
   1.6563636e+02   1.5157724e+02
   1.6581818e+02   1.5719248e+02
   1.6600000e+02   1.4731412e+02
   1.6618182e+02   1.7293045e+02
   1.6636364e+02   1.9182526e+02
   1.6654545e+02   1.8447914e+02
   1.6663636e+02   1.4938581e+02
   1.6672727e+02   1.0343100e+02
   1.6681818e+02   1.4972469e+02
   1.6700000e+02   1.9584472e+02
   1.6718182e+02   2.0534918e+02
   1.6727273e+02   1.5478679e+02
   1.6736364e+02   1.2259688e+02
   1.6745455e+02   1.6428774e+02
   1.6763636e+02   1.8260032e+02
   1.6781818e+02   1.7983078e+02
   1.6800000e+02   1.7077785e+02
   1.6818182e+02   1.4125677e+02
   1.6836364e+02   1.5350520e+02
   1.6854545e+02   1.6478519e+02
   1.6863636e+02   1.8919418e+02
   1.6881818e+02   1.6034310e+02
   1.6900000e+02   1.4819409e+02
   1.6918182e+02   1.7477814e+02
   1.6936364e+02   1.7546059e+02
   1.6945455e+02   1.6605111e+02
   1.6954545e+02   1.8230248e+02
   1.6972727e+02   1.6178352e+02
   1.6990909e+02   1.6991179e+02
   1.7009091e+02   1.7047874e+02
   1.7027273e+02   1.8768690e+02
   1.7045455e+02   1.7536290e+02
   1.7054545e+02   1.6758253e+02
   1.7072727e+02   1.7178573e+02
   1.7090909e+02   1.9631100e+02
   1.7109091e+02   1.7265331e+02
   1.7127273e+02   1.5076665e+02
   1.7145455e+02   1.7329160e+02
   1.7154545e+02   2.0163758e+02
   1.7172727e+02   2.0227774e+02
   1.7190909e+02   1.8135574e+02
   1.7209091e+02   1.4073242e+02
   1.7227273e+02   1.4796605e+02
   1.7245455e+02   1.8663479e+02
   1.7254545e+02   2.2097081e+02
   1.7272727e+02   1.8669337e+02
   1.7290909e+02   1.5685785e+02
   1.7309091e+02   1.4856957e+02
   1.7327273e+02   1.5242987e+02
   1.7345455e+02   2.0157863e+02
   1.7363636e+02   1.9665330e+02
   1.7381818e+02   1.6009762e+02
   1.7400000e+02   1.4787301e+02
   1.7418182e+02   1.5716917e+02
   1.7436364e+02   1.9839998e+02
   1.7463636e+02   1.9752093e+02
   1.7481818e+02   1.9646680e+02
   1.7500000e+02   1.5264357e+02
   1.7518182e+02   1.6437291e+02
   1.7536364e+02   1.8620134e+02
   1.7563636e+02   1.9457421e+02
   1.7581818e+02   1.8697691e+02
   1.7600000e+02   1.5394589e+02
   1.7618182e+02   1.7489067e+02
   1.7636364e+02   1.7000843e+02
   1.7654545e+02   1.8344226e+02
   1.7672727e+02   1.5703628e+02
   1.7690909e+02   1.7170397e+02
   1.7709091e+02   2.0466574e+02
   1.7727273e+02   1.9240120e+02
   1.7745455e+02   1.6418416e+02
   1.7772727e+02   1.4893739e+02
   1.7800000e+02   1.6541106e+02
   1.7827273e+02   1.9435785e+02
   1.7854545e+02   1.9241744e+02
   1.7881818e+02   1.8195513e+02
   1.7909091e+02   1.4360976e+02
   1.7927273e+02   1.5810151e+02
   1.7954545e+02   1.9601967e+02
   1.7981818e+02   2.0997522e+02
   1.8009091e+02   1.9497427e+02
   1.8036364e+02   1.6260703e+02
   1.8045455e+02   1.4284888e+02
   1.8054545e+02   1.5833538e+02
   1.8063636e+02   2.1703487e+02
   1.8081818e+02   1.9291737e+02
   1.8100000e+02   1.7079563e+02
   1.8118182e+02   1.3991709e+02
   1.8136364e+02   1.8495004e+02
   1.8145455e+02   1.9251758e+02
   1.8154545e+02   2.0571589e+02
   1.8172727e+02   1.8676480e+02
   1.8190909e+02   1.6136488e+02
   1.8209091e+02   1.6753160e+02
   1.8227273e+02   1.8840972e+02
   1.8245455e+02   1.9263664e+02
   1.8254545e+02   1.9104322e+02
   1.8263636e+02   1.5623272e+02
   1.8272727e+02   1.9993868e+02
   1.8281818e+02   1.8665426e+02
   1.8290909e+02   1.9723563e+02
   1.8300000e+02   1.8475400e+02
   1.8300000e+02   1.8312423e+02
   1.8309091e+02   1.7942255e+02
   1.8318182e+02   2.0414926e+02
   1.8327273e+02   1.8248563e+02
   1.8336364e+02   1.7710645e+02
   1.8345455e+02   1.7694030e+02
   1.8363636e+02   2.0585943e+02
   1.8381818e+02   2.1648545e+02
   1.8400000e+02   1.7711006e+02
   1.8418182e+02   1.4392234e+02
   1.8436364e+02   1.6157893e+02
   1.8454545e+02   1.8448556e+02
   1.8472727e+02   2.0419015e+02
   1.8490909e+02   2.0028483e+02
   1.8509091e+02   1.4484003e+02
   1.8527273e+02   1.7101454e+02
   1.8545455e+02   2.0062425e+02
   1.8554545e+02   2.0873246e+02
   1.8572727e+02   2.0227733e+02
   1.8590909e+02   1.7532423e+02
   1.8609091e+02   1.5433320e+02
   1.8627273e+02   1.7703552e+02
   1.8645455e+02   2.2907187e+02
   1.8654545e+02   2.1166281e+02
   1.8663636e+02   1.9435815e+02
   1.8672727e+02   1.6656774e+02
   1.8681818e+02   1.7032075e+02
   1.8690909e+02   2.0242161e+02
   1.8700000e+02   2.0146132e+02
   1.8700000e+02   2.0489223e+02
   1.8709091e+02   1.8237413e+02
   1.8718182e+02   1.7238285e+02
   1.8727273e+02   1.8829851e+02
   1.8736364e+02   2.0597740e+02
   1.8745455e+02   1.8471194e+02
   1.8763636e+02   1.7628814e+02
   1.8781818e+02   1.8563368e+02
   1.8800000e+02   1.9797031e+02
   1.8818182e+02   1.8861959e+02
   1.8836364e+02   1.9053562e+02
   1.8863636e+02   1.7423224e+02
   1.8881818e+02   2.0704672e+02
   1.8900000e+02   2.1002529e+02
   1.8918182e+02   1.9029836e+02
   1.8936364e+02   1.7128926e+02
   1.8954545e+02   1.7102650e+02
   1.8963636e+02   2.1213948e+02
   1.8981818e+02   2.1689627e+02
   1.9000000e+02   1.8431807e+02
   1.9018182e+02   1.6965210e+02
   1.9036364e+02   1.7113576e+02
   1.9045455e+02   2.2154569e+02
   1.9063636e+02   2.2670682e+02
   1.9081818e+02   1.9201819e+02
   1.9100000e+02   1.5540869e+02
   1.9118182e+02   1.4276408e+02
   1.9136364e+02   1.7922509e+02
   1.9154545e+02   2.1725401e+02
   1.9163636e+02   2.2321218e+02
   1.9181818e+02   1.7461443e+02
   1.9200000e+02   1.5631153e+02
   1.9218182e+02   1.6339889e+02
   1.9236364e+02   2.1946584e+02
   1.9254545e+02   2.2294711e+02
   1.9272727e+02   1.8917637e+02
   1.9290909e+02   1.6588999e+02
   1.9309091e+02   1.7461965e+02
   1.9327273e+02   2.0788982e+02
   1.9345455e+02   2.3001928e+02
   1.9363636e+02   2.0381005e+02
   1.9372727e+02   1.9427984e+02
   1.9381818e+02   1.9024760e+02
   1.9400000e+02   2.0113533e+02
   1.9418182e+02   2.2272750e+02
   1.9427273e+02   1.7266695e+02
   1.9436364e+02   1.8933908e+02
   1.9454545e+02   2.0654463e+02
   1.9472727e+02   2.0040813e+02
   1.9490909e+02   2.0315577e+02
   1.9509091e+02   1.7441520e+02
   1.9527273e+02   2.0343559e+02
   1.9545455e+02   2.1646325e+02
   1.9563636e+02   2.1307411e+02
   1.9581818e+02   1.9116824e+02
   1.9600000e+02   1.6813209e+02
   1.9618182e+02   1.8503720e+02
   1.9636364e+02   1.8545080e+02
   1.9645455e+02   2.3942107e+02
   1.9654545e+02   1.8958535e+02
   1.9672727e+02   1.5244602e+02
   1.9690909e+02   1.6568737e+02
   1.9709091e+02   2.1688330e+02
   1.9727273e+02   2.5026780e+02
   1.9745455e+02   2.3236378e+02
   1.9763636e+02   1.6137973e+02
   1.9781818e+02   1.7111232e+02
   1.9800000e+02   1.8627516e+02
   1.9818182e+02   2.0593576e+02
   1.9836364e+02   2.3767066e+02
   1.9854545e+02   1.8186732e+02
   1.9872727e+02   1.6084083e+02
   1.9890909e+02   1.7245783e+02
   1.9909091e+02   2.1153176e+02
   1.9927273e+02   2.3879148e+02
   1.9945455e+02   1.8625832e+02
   1.9954545e+02   2.0142499e+02
   1.9963636e+02   1.7713503e+02
   1.9972727e+02   2.0582557e+02
   1.9981818e+02   2.1567777e+02
   1.9990909e+02   2.1536975e+02
   2.0009091e+02   1.8172892e+02
   2.0018182e+02   2.2024404e+02
   2.0027273e+02   2.1303324e+02
   2.0036364e+02   1.9000328e+02
   2.0045455e+02   1.8352799e+02
   2.0063636e+02   1.9090774e+02
   2.0081818e+02   2.0076765e+02
   2.0100000e+02   2.3277052e+02
   2.0127273e+02   1.8269502e+02
   2.0154545e+02   2.1222207e+02
   2.0181818e+02   1.6795743e+02
   2.0200000e+02   2.1508692e+02
   2.0227273e+02   2.1959338e+02
   2.0254545e+02   2.1184757e+02
   2.0281818e+02   1.8180898e+02
   2.0309091e+02   1.7417731e+02
   2.0327273e+02   2.1942281e+02
   2.0345455e+02   2.2127186e+02
   2.0363636e+02   2.1199518e+02
   2.0372727e+02   1.9200184e+02
   2.0390909e+02   1.7843961e+02
   2.0409091e+02   1.9463895e+02
   2.0427273e+02   2.4853168e+02
   2.0436364e+02   2.2824105e+02
   2.0445455e+02   1.9355774e+02
   2.0454545e+02   1.7264362e+02
   2.0463636e+02   1.9441920e+02
   2.0472727e+02   2.4776487e+02
   2.0490909e+02   2.2976892e+02
   2.0509091e+02   2.0636670e+02
   2.0527273e+02   1.8047310e+02
   2.0536364e+02   1.7466039e+02
   2.0545455e+02   2.2102782e+02
   2.0554545e+02   2.2680778e+02
   2.0563636e+02   2.1183837e+02
   2.0581818e+02   1.9520154e+02
   2.0600000e+02   2.0388717e+02
   2.0618182e+02   2.0556905e+02
   2.0636364e+02   2.1440214e+02
   2.0645455e+02   2.0695658e+02
   2.0654545e+02   1.9687610e+02
   2.0672727e+02   2.0469008e+02
   2.0690909e+02   2.0295540e+02
   2.0709091e+02   2.1372597e+02
   2.0727273e+02   1.9128533e+02
   2.0754545e+02   2.2451545e+02
   2.0772727e+02   2.3011278e+02
   2.0790909e+02   2.1947291e+02
   2.0818182e+02   1.9415642e+02
   2.0845455e+02   1.5324397e+02
   2.0872727e+02   1.9918037e+02
   2.0900000e+02   2.1402615e+02
   2.0918182e+02   2.4068719e+02
   2.0936364e+02   2.0105144e+02
   2.0963636e+02   1.8802568e+02
   2.0990909e+02   1.7460537e+02
   2.1009091e+02   2.2216442e+02
   2.1027273e+02   2.3607451e+02
   2.1045455e+02   2.2845519e+02
   2.1054545e+02   2.0042588e+02
   2.1063636e+02   1.8093272e+02
   2.1081818e+02   2.1235218e+02
   2.1100000e+02   2.5001326e+02
   2.1118182e+02   2.3793844e+02
   2.1136364e+02   2.1242258e+02
   2.1145455e+02   1.9560346e+02
   2.1154545e+02   2.1013122e+02
   2.1163636e+02   2.3784134e+02
   2.1172727e+02   2.5769196e+02
   2.1181818e+02   2.0182190e+02
   2.1190909e+02   1.9001213e+02
   2.1200000e+02   1.9950791e+02
   2.1200000e+02   2.0988356e+02
   2.1200000e+02   2.2735619e+02
   2.1209091e+02   1.9864370e+02
   2.1218182e+02   2.0609511e+02
   2.1227273e+02   2.1566784e+02
   2.1236364e+02   2.0892265e+02
   2.1245455e+02   2.0988562e+02
   2.1254545e+02   1.8897264e+02
   2.1272727e+02   1.9769909e+02
   2.1290909e+02   2.2798887e+02
   2.1309091e+02   2.4162566e+02
   2.1327273e+02   2.2012721e+02
   2.1345455e+02   1.9937760e+02
   2.1354545e+02   1.9842493e+02
   2.1372727e+02   2.1717777e+02
   2.1390909e+02   2.4889966e+02
   2.1409091e+02   2.2479981e+02
   2.1427273e+02   1.8500072e+02
   2.1445455e+02   1.9306340e+02
   2.1463636e+02   2.2500646e+02
   2.1481818e+02   2.4334216e+02
   2.1500000e+02   2.2653640e+02
   2.1518182e+02   1.8564142e+02
   2.1536364e+02   1.7660801e+02
   2.1554545e+02   2.3438403e+02
   2.1563636e+02   2.5140562e+02
   2.1581818e+02   2.4085074e+02
   2.1600000e+02   2.2850570e+02
   2.1618182e+02   1.7495255e+02
   2.1636364e+02   2.0695731e+02
   2.1645455e+02   2.2520361e+02
   2.1654545e+02   2.5110874e+02
   2.1663636e+02   2.1369216e+02
   2.1672727e+02   1.8447893e+02
   2.1690909e+02   2.0442514e+02
   2.1709091e+02   2.1392741e+02
   2.1727273e+02   2.1172811e+02
   2.1736364e+02   2.3842226e+02
   2.1745455e+02   2.1923858e+02
   2.1754545e+02   2.1718606e+02
   2.1763636e+02   2.0232519e+02
   2.1772727e+02   2.1589699e+02
   2.1790909e+02   2.3517559e+02
   2.1809091e+02   2.2661796e+02
   2.1827273e+02   2.1181960e+02
   2.1836364e+02   2.1567095e+02
   2.1845455e+02   2.1514703e+02
   2.1854545e+02   2.0102237e+02
   2.1863636e+02   2.0507398e+02
   2.1872727e+02   2.5454913e+02
   2.1881818e+02   2.4225297e+02
   2.1890909e+02   2.2395874e+02
   2.1909091e+02   2.1483347e+02
   2.1918182e+02   1.9776245e+02
   2.1927273e+02   2.3838636e+02
   2.1936364e+02   2.5398166e+02
   2.1945455e+02   2.1852932e+02
   2.1954545e+02   2.0390276e+02
   2.1963636e+02   1.9000234e+02
   2.1972727e+02   2.4236998e+02
   2.1981818e+02   2.5788321e+02
   2.1990909e+02   2.3655243e+02
   2.2009091e+02   2.1407796e+02
   2.2018182e+02   1.9910324e+02
   2.2027273e+02   2.2815635e+02
   2.2036364e+02   2.5390385e+02
   2.2045455e+02   2.4179635e+02
   2.2054545e+02   1.9360039e+02
   2.2063636e+02   1.9772114e+02
   2.2072727e+02   2.1644399e+02
   2.2081818e+02   2.4390925e+02
   2.2090909e+02   2.3020372e+02
   2.2100000e+02   2.2155057e+02
   2.2100000e+02   2.1466722e+02
   2.2109091e+02   2.1845490e+02
   2.2118182e+02   2.3196633e+02
   2.2127273e+02   2.2081067e+02
   2.2136364e+02   2.3510822e+02
   2.2145455e+02   2.1441193e+02
   2.2154545e+02   2.2992041e+02
   2.2163636e+02   2.0590336e+02
   2.2172727e+02   2.1021105e+02
   2.2190909e+02   2.3427075e+02
   2.2209091e+02   2.2813257e+02
   2.2227273e+02   2.1064605e+02
   2.2236364e+02   2.3029906e+02
   2.2245455e+02   1.9194513e+02
   2.2254545e+02   2.0538059e+02
   2.2263636e+02   2.1330681e+02
   2.2272727e+02   2.3525349e+02
   2.2281818e+02   2.4291435e+02
   2.2290909e+02   2.1447220e+02
   2.2300000e+02   1.8320172e+02
   2.2309091e+02   1.8738944e+02
   2.2318182e+02   2.4060946e+02
   2.2327273e+02   2.5966237e+02
   2.2336364e+02   2.4361963e+02
   2.2345455e+02   2.0637073e+02
   2.2363636e+02   1.9464612e+02
   2.2381818e+02   2.2483911e+02
   2.2400000e+02   2.4184344e+02
   2.2418182e+02   2.4013786e+02
   2.2436364e+02   2.0523248e+02
   2.2454545e+02   1.9035600e+02
   2.2472727e+02   1.9354728e+02
   2.2490909e+02   2.3450034e+02
   2.2509091e+02   2.4278560e+02
   2.2527273e+02   2.2849953e+02
   2.2545455e+02   2.0027909e+02
   2.2554545e+02   2.0821183e+02
   2.2563636e+02   2.2983973e+02
   2.2572727e+02   2.3947619e+02
   2.2581818e+02   2.0545704e+02
   2.2590909e+02   2.2460159e+02
   2.2600000e+02   2.0380293e+02
   2.2609091e+02   2.0477301e+02
   2.2618182e+02   2.3257499e+02
   2.2627273e+02   2.3229307e+02
   2.2636364e+02   2.1100989e+02
   2.2645455e+02   2.2553151e+02
   2.2654545e+02   2.3173741e+02
   2.2681818e+02   2.2415367e+02
   2.2709091e+02   2.2294372e+02
   2.2736364e+02   2.0482789e+02
   2.2763636e+02   2.5002622e+02
   2.2800000e+02   2.6042318e+02
   2.2827273e+02   2.2772950e+02
   2.2854545e+02   1.9326375e+02
   2.2881818e+02   1.9987122e+02
   2.2909091e+02   2.3783979e+02
   2.2936364e+02   2.4999893e+02
   2.2963636e+02   2.3653988e+02
   2.2981818e+02   2.1428772e+02
   2.3000000e+02   2.1211698e+02
   2.3018182e+02   2.4323207e+02
   2.3036364e+02   2.6237218e+02
   2.3045455e+02   2.4976922e+02
   2.3054545e+02   2.1268938e+02
   2.3063636e+02   2.0455885e+02
   2.3072727e+02   2.1060690e+02
   2.3100000e+02   2.7069245e+02
   2.3127273e+02   2.5377261e+02
   2.3154545e+02   2.0870686e+02
   2.3172727e+02   2.0079803e+02
   2.3190909e+02   2.1810339e+02
   2.3209091e+02   2.5265166e+02
   2.3227273e+02   2.6327093e+02
   2.3254545e+02   2.4252300e+02
   2.3281818e+02   2.1990340e+02
   2.3309091e+02   2.2669621e+02
   2.3336364e+02   2.3314585e+02
   2.3345455e+02   2.5988733e+02
   2.3354545e+02   2.3420120e+02
   2.3363636e+02   2.2308478e+02
   2.3372727e+02   2.1546579e+02
   2.3400000e+02   2.5144709e+02
   2.3427273e+02   2.2373016e+02
   2.3454545e+02   2.3881880e+02
   2.3472727e+02   2.1572943e+02
   2.3490909e+02   2.4789665e+02
   2.3509091e+02   2.4487969e+02
   2.3527273e+02   2.2731985e+02
   2.3563636e+02   2.0202494e+02
   2.3600000e+02   2.1748371e+02
   2.3636364e+02   2.5716753e+02
   2.3672727e+02   2.8476738e+02
   2.3690909e+02   2.4411880e+02
   2.3709091e+02   1.8784817e+02
   2.3727273e+02   2.0571887e+02
   2.3745455e+02   2.5186954e+02
   2.3763636e+02   2.6614031e+02
   2.3781818e+02   2.7551034e+02
   2.3818182e+02   2.1258584e+02
   2.3836364e+02   2.2088443e+02
   2.3854545e+02   2.4072708e+02
   2.3872727e+02   2.6894497e+02
   2.3890909e+02   2.8350835e+02
   2.3909091e+02   2.1252698e+02
   2.3927273e+02   2.0539923e+02
   2.3963636e+02   2.1423241e+02
   2.4000000e+02   2.6435369e+02
   2.4036364e+02   2.6958199e+02
   2.4072727e+02   2.4078122e+02
   2.4090909e+02   2.2776046e+02
   2.4109091e+02   2.1520009e+02
   2.4127273e+02   2.6736686e+02
   2.4145455e+02   2.4643065e+02
   2.4163636e+02   2.5287044e+02
   2.4181818e+02   2.0721202e+02
   2.4200000e+02   2.4240231e+02
   2.4227273e+02   2.5096945e+02
   2.4254545e+02   2.6494401e+02
   2.4281818e+02   2.4802886e+02
   2.4309091e+02   2.5502783e+02
   2.4336364e+02   2.4236764e+02
   2.4363636e+02   2.3142929e+02
   2.4390909e+02   2.2616746e+02
   2.4418182e+02   2.4652892e+02
   2.4445455e+02   2.4605792e+02
   2.4472727e+02   2.6666271e+02
   2.4500000e+02   2.6571513e+02
   2.4518182e+02   2.3538471e+02
   2.4536364e+02   2.2353355e+02
   2.4554545e+02   2.2918880e+02
   2.4572727e+02   2.6225336e+02
   2.4590909e+02   2.6748651e+02
   2.4609091e+02   2.8258224e+02
   2.4627273e+02   2.0382513e+02
   2.4645455e+02   2.2318643e+02
   2.4663636e+02   2.6000726e+02
   2.4681818e+02   2.7968653e+02
   2.4727273e+02   2.9527024e+02
   2.4754545e+02   2.2389645e+02
   2.4781818e+02   2.0974430e+02
   2.4809091e+02   2.6450026e+02
   2.4836364e+02   2.9229307e+02
   2.4863636e+02   2.6012927e+02
   2.4890909e+02   2.5204363e+02
   2.4918182e+02   2.2804043e+02
   2.4945455e+02   2.4506949e+02
   2.4972727e+02   2.6414415e+02
   2.5027273e+02   2.5681061e+02
   2.5054545e+02   2.4193211e+02
   2.5081818e+02   2.1854696e+02
   2.5109091e+02   2.3230599e+02
   2.5136364e+02   2.4195223e+02
   2.5163636e+02   2.7424100e+02
   2.5190909e+02   2.5446850e+02
   2.5218182e+02   2.4812617e+02
   2.5245455e+02   2.3573668e+02
   2.5272727e+02   2.6570961e+02
   2.5300000e+02   2.3290859e+02
   2.5300000e+02   2.4328356e+02
   2.5327273e+02   2.5551097e+02
   2.5354545e+02   2.8377388e+02
   2.5381818e+02   2.6018288e+02
   2.5409091e+02   2.5531450e+02
   2.5436364e+02   2.5296455e+02
   2.5463636e+02   2.3903521e+02
   2.5490909e+02   2.6262032e+02
   2.5518182e+02   2.9832899e+02
   2.5545455e+02   2.5909272e+02
   2.5572727e+02   2.3920271e+02
   2.5600000e+02   2.3152883e+02
   2.5600000e+02   2.7608815e+02
   2.5600000e+02   2.9615290e+02
   2.5600000e+02   2.7315482e+02
   2.5627273e+02   2.0733547e+02
   2.5654545e+02   2.1549978e+02
   2.5681818e+02   2.5480346e+02
   2.5709091e+02   2.8046124e+02
   2.5736364e+02   2.7284661e+02
   2.5763636e+02   2.4071718e+02
   2.5790909e+02   2.1772242e+02
   2.5818182e+02   2.5231002e+02
   2.5845455e+02   2.7826445e+02
   2.5872727e+02   2.7766803e+02
   2.5900000e+02   2.4236154e+02
   2.5900000e+02   2.4634314e+02
   2.5900000e+02   2.2287783e+02
   2.5936364e+02   2.7976149e+02
   2.5972727e+02   2.7886361e+02
   2.6009091e+02   2.6709118e+02
   2.6045455e+02   2.4097029e+02
   2.6081818e+02   2.5859730e+02
   2.6118182e+02   2.7639412e+02
   2.6154545e+02   2.7214850e+02
   2.6190909e+02   2.6625167e+02
   2.6227273e+02   2.5906781e+02
   2.6263636e+02   2.5999301e+02
   2.6300000e+02   2.7124673e+02
   2.6300000e+02   2.5706635e+02
   2.6327273e+02   2.3077292e+02
   2.6354545e+02   2.6556732e+02
   2.6381818e+02   2.7123025e+02
   2.6409091e+02   2.8184690e+02
   2.6436364e+02   2.5949190e+02
   2.6463636e+02   2.4777442e+02
   2.6490909e+02   2.5932219e+02
   2.6518182e+02   2.5546121e+02
   2.6545455e+02   2.9799552e+02
   2.6572727e+02   2.6968652e+02
   2.6600000e+02   2.2501441e+02
   2.6600000e+02   2.3418121e+02
   2.6600000e+02   2.6945000e+02
   2.6600000e+02   3.1878948e+02
   2.6600000e+02   2.7472304e+02
   2.6627273e+02   2.6461347e+02
   2.6654545e+02   2.3365448e+02
   2.6681818e+02   2.6991915e+02
   2.6709091e+02   2.9242635e+02
   2.6736364e+02   2.8436547e+02
   2.6763636e+02   2.6888551e+02
   2.6790909e+02   2.4823568e+02
   2.6818182e+02   2.6223569e+02
   2.6845455e+02   2.7944891e+02
   2.6909091e+02   2.9794867e+02
   2.6972727e+02   2.6861121e+02
   2.7009091e+02   2.6853644e+02
   2.7045455e+02   2.6266088e+02
   2.7081818e+02   2.7774667e+02
   2.7118182e+02   2.6774207e+02
   2.7154545e+02   2.9847110e+02
   2.7190909e+02   2.7343107e+02
   2.7227273e+02   2.6813131e+02
   2.7290909e+02   2.7582352e+02
   2.7354545e+02   2.6855719e+02
   2.7381818e+02   2.6274499e+02
   2.7409091e+02   2.6020995e+02
   2.7436364e+02   2.6889858e+02
   2.7463636e+02   3.0401992e+02
   2.7490909e+02   2.7791309e+02
   2.7518182e+02   2.5791600e+02
   2.7545455e+02   2.6540922e+02
   2.7572727e+02   3.0024995e+02
   2.7600000e+02   2.8032434e+02
   2.7600000e+02   2.4597315e+02
   2.7600000e+02   2.4414973e+02
   2.7627273e+02   2.4695829e+02
   2.7654545e+02   3.0362004e+02
   2.7681818e+02   2.9860219e+02
   2.7709091e+02   2.7192104e+02
   2.7736364e+02   2.3351282e+02
   2.7763636e+02   2.3704731e+02
   2.7790909e+02   2.8381009e+02
   2.7818182e+02   2.8868745e+02
   2.7845455e+02   2.9892425e+02
   2.7872727e+02   2.5569878e+02
   2.7900000e+02   2.6082137e+02
   2.7900000e+02   2.8597893e+02
   2.7900000e+02   3.1124157e+02
   2.7900000e+02   3.1066087e+02
   2.7900000e+02   2.7188974e+02
   2.7900000e+02   2.4724855e+02
   2.7900000e+02   2.5852929e+02
   2.7936364e+02   3.0141397e+02
   2.7972727e+02   3.2573280e+02
   2.8009091e+02   2.8750935e+02
   2.8045455e+02   2.5709696e+02
   2.8081818e+02   2.6456956e+02
   2.8118182e+02   2.7833161e+02
   2.8154545e+02   2.9475537e+02
   2.8190909e+02   2.8104723e+02
   2.8227273e+02   2.7891148e+02
   2.8263636e+02   2.8628261e+02
   2.8327273e+02   2.9396378e+02
   2.8354545e+02   2.7620896e+02
   2.8381818e+02   2.7273591e+02
   2.8409091e+02   2.8265087e+02
   2.8436364e+02   2.9165899e+02
   2.8463636e+02   2.8133028e+02
   2.8490909e+02   2.7922479e+02
   2.8518182e+02   2.4604853e+02
   2.8545455e+02   2.5756861e+02
   2.8572727e+02   3.1287145e+02
   2.8627273e+02   3.1101133e+02
   2.8654545e+02   2.9208910e+02
   2.8681818e+02   2.9094567e+02
   2.8709091e+02   2.6085919e+02
   2.8736364e+02   2.8034340e+02
   2.8763636e+02   3.1893906e+02
   2.8790909e+02   2.8829738e+02
   2.8818182e+02   2.5705560e+02
   2.8845455e+02   2.5243266e+02
   2.8872727e+02   2.7877973e+02
   2.8900000e+02   3.2761690e+02
   2.8900000e+02   3.1935787e+02
   2.8900000e+02   2.7828796e+02
   2.8927273e+02   2.6191780e+02
   2.8954545e+02   2.6085911e+02
   2.8981818e+02   3.1121611e+02
   2.9009091e+02   3.0718524e+02
   2.9036364e+02   2.9940152e+02
   2.9063636e+02   2.6473417e+02
   2.9090909e+02   2.7363349e+02
   2.9118182e+02   2.7946024e+02
   2.9145455e+02   3.0901732e+02
   2.9172727e+02   2.9774936e+02
   2.9200000e+02   2.8184126e+02
   2.9200000e+02   2.7507618e+02
   2.9200000e+02   2.8529275e+02
   2.9227273e+02   2.9917627e+02
   2.9254545e+02   2.7937947e+02
   2.9281818e+02   2.8876474e+02
   2.9309091e+02   3.0364879e+02
   2.9336364e+02   3.1585163e+02
   2.9363636e+02   2.8184206e+02
   2.9390909e+02   2.7851436e+02
   2.9418182e+02   2.9677562e+02
   2.9445455e+02   3.1446415e+02
   2.9500000e+02   3.4090441e+02
   2.9554545e+02   3.0058360e+02
   2.9581818e+02   2.7244363e+02
   2.9609091e+02   2.8052843e+02
   2.9636364e+02   3.1245050e+02
   2.9663636e+02   3.1963278e+02
   2.9690909e+02   2.8798747e+02
   2.9718182e+02   2.7666007e+02
   2.9745455e+02   2.5818951e+02
   2.9800000e+02   3.2197421e+02
   2.9854545e+02   3.4040512e+02
   2.9881818e+02   3.2973204e+02
   2.9909091e+02   2.9647531e+02
   2.9936364e+02   2.7366389e+02
   2.9963636e+02   2.8722516e+02
   2.9990909e+02   3.2440110e+02
   3.0018182e+02   3.2761737e+02
   3.0045455e+02   3.1068276e+02
   3.0072727e+02   2.7631126e+02
   3.0100000e+02   2.8185017e+02
   3.0127273e+02   3.1988639e+02
   3.0154545e+02   3.1945773e+02
   3.0181818e+02   2.9671427e+02
   3.0209091e+02   2.9048275e+02
   3.0236364e+02   2.7899867e+02
   3.0263636e+02   2.9834754e+02
   3.0290909e+02   3.1561055e+02
   3.0318182e+02   2.8199392e+02
   3.0345455e+02   2.8593501e+02
   3.0372727e+02   3.1739006e+02
   3.0400000e+02   3.1999404e+02
   3.0427273e+02   3.1236508e+02
   3.0454545e+02   2.9965772e+02
   3.0481818e+02   3.1110070e+02
   3.0509091e+02   3.2100398e+02
   3.0536364e+02   3.2765449e+02
   3.0563636e+02   2.9532794e+02
   3.0590909e+02   2.7802321e+02
   3.0618182e+02   2.8304370e+02
   3.0645455e+02   3.1738812e+02
   3.0672727e+02   3.3274584e+02
   3.0700000e+02   3.1910363e+02
   3.0700000e+02   2.8041182e+02
   3.0700000e+02   2.7602024e+02
   3.0718182e+02   3.1360446e+02
   3.0736364e+02   3.3732442e+02
   3.0754545e+02   3.3391977e+02
   3.0772727e+02   2.7098578e+02
   3.0790909e+02   2.8397728e+02
   3.0809091e+02   3.0522828e+02
   3.0827273e+02   3.5493892e+02
   3.0845455e+02   3.4592532e+02
   3.0863636e+02   2.9232444e+02
   3.0909091e+02   2.7829510e+02
   3.0954545e+02   2.9408204e+02
   3.0981818e+02   3.0934469e+02
   3.1009091e+02   3.4591846e+02
   3.1036364e+02   3.1015333e+02
   3.1063636e+02   2.8591989e+02
   3.1090909e+02   3.0502956e+02
   3.1118182e+02   3.1217645e+02
   3.1145455e+02   3.2105990e+02
   3.1190909e+02   3.2271347e+02
   3.1236364e+02   3.1164429e+02
   3.1254545e+02   3.1523223e+02
   3.1272727e+02   3.2162459e+02
   3.1290909e+02   3.2266779e+02
   3.1309091e+02   3.0519621e+02
   3.1327273e+02   2.8908431e+02
   3.1345455e+02   3.4318274e+02
   3.1381818e+02   3.2519439e+02
   3.1418182e+02   3.2186340e+02
   3.1454545e+02   3.1060854e+02
   3.1472727e+02   3.1326024e+02
   3.1490909e+02   3.4042552e+02
   3.1509091e+02   3.3815050e+02
   3.1527273e+02   3.1227513e+02
   3.1545455e+02   2.8906343e+02
   3.1563636e+02   2.8936699e+02
   3.1609091e+02   3.1797604e+02
   3.1654545e+02   3.7099235e+02
   3.1681818e+02   3.0552945e+02
   3.1709091e+02   2.8976219e+02
   3.1736364e+02   2.8298587e+02
   3.1763636e+02   3.2206310e+02
   3.1790909e+02   3.5672218e+02
   3.1818182e+02   3.3679054e+02
   3.1845455e+02   3.1712980e+02
   3.1872727e+02   2.9880674e+02
   3.1900000e+02   3.1180029e+02
   3.1900000e+02   3.4718892e+02
   3.1900000e+02   3.5051223e+02
   3.1900000e+02   3.0806946e+02
   3.1900000e+02   3.1329673e+02
   3.1918182e+02   2.8365468e+02
   3.1936364e+02   3.4226364e+02
   3.1954545e+02   3.2961413e+02
   3.1972727e+02   3.1236258e+02
   3.1990909e+02   3.0642005e+02
   3.2009091e+02   3.1337115e+02
   3.2027273e+02   3.2668765e+02
   3.2045455e+02   3.3602451e+02
   3.2063636e+02   3.0656427e+02
   3.2081818e+02   3.2141995e+02
   3.2100000e+02   3.3499975e+02
   3.2100000e+02   3.3950263e+02
   3.2100000e+02   3.2006318e+02
   3.2100000e+02   3.0668230e+02
   3.2118182e+02   3.0782380e+02
   3.2136364e+02   3.3762605e+02
   3.2154545e+02   3.5197912e+02
   3.2172727e+02   3.0616881e+02
   3.2190909e+02   2.9352111e+02
   3.2209091e+02   2.8736769e+02
   3.2227273e+02   3.5462061e+02
   3.2245455e+02   3.5706679e+02
   3.2263636e+02   3.4144285e+02
   3.2281818e+02   2.9352879e+02
   3.2300000e+02   3.0415215e+02
   3.2300000e+02   3.3466766e+02
   3.2318182e+02   3.6940685e+02
   3.2336364e+02   3.4951048e+02
   3.2354545e+02   3.0541900e+02
   3.2372727e+02   2.7061182e+02
   3.2390909e+02   3.2996698e+02
   3.2409091e+02   3.5046378e+02
   3.2427273e+02   3.4335890e+02
   3.2445455e+02   2.9708171e+02
   3.2463636e+02   2.9971314e+02
   3.2481818e+02   3.0661998e+02
   3.2500000e+02   3.4361586e+02
   3.2518182e+02   3.5893423e+02
   3.2536364e+02   3.2651611e+02
   3.2554545e+02   3.1945242e+02
   3.2572727e+02   3.0816752e+02
   3.2590909e+02   3.1615280e+02
   3.2609091e+02   3.3260767e+02
   3.2627273e+02   3.2105039e+02
   3.2645455e+02   3.2070338e+02
   3.2663636e+02   3.2877165e+02
   3.2681818e+02   3.1981761e+02
   3.2700000e+02   3.3056833e+02
   3.2718182e+02   3.1536937e+02
   3.2736364e+02   3.2881293e+02
   3.2754545e+02   3.2647401e+02
   3.2772727e+02   3.3616885e+02
   3.2790909e+02   3.2159258e+02
   3.2809091e+02   3.0699958e+02
   3.2827273e+02   3.1881776e+02
   3.2845455e+02   3.3448251e+02
   3.2881818e+02   3.4336722e+02
   3.2918182e+02   3.1747175e+02
   3.2954545e+02   2.9340643e+02
   3.2972727e+02   3.1387424e+02
   3.2990909e+02   3.3977173e+02
   3.3009091e+02   3.7436654e+02
   3.3027273e+02   3.3186094e+02
   3.3045455e+02   3.1187005e+02
   3.3063636e+02   2.9423415e+02
   3.3100000e+02   3.3896663e+02
   3.3136364e+02   3.7424564e+02
   3.3154545e+02   3.5316682e+02
   3.3172727e+02   3.3852444e+02
   3.3190909e+02   2.8805997e+02
   3.3209091e+02   3.1685086e+02
   3.3227273e+02   3.5154845e+02
   3.3245455e+02   3.6524298e+02
   3.3281818e+02   3.4291633e+02
   3.3318182e+02   3.2671040e+02
   3.3354545e+02   3.1446448e+02
   3.3372727e+02   3.4488565e+02
   3.3390909e+02   3.3392208e+02
   3.3409091e+02   3.2293503e+02
   3.3427273e+02   3.1884349e+02
   3.3454545e+02   3.2615976e+02
   3.3481818e+02   3.3317704e+02
   3.3509091e+02   3.3093269e+02
   3.3536364e+02   3.2625599e+02
   3.3545455e+02   3.4319535e+02
   3.3554545e+02   3.3872842e+02
   3.3563636e+02   3.3188439e+02
   3.3572727e+02   3.2859023e+02
   3.3581818e+02   3.3635841e+02
   3.3590909e+02   3.3399537e+02
   3.3600000e+02   3.2899643e+02
   3.3600000e+02   3.5784630e+02
   3.3618182e+02   3.3758751e+02
   3.3636364e+02   3.1514684e+02
   3.3654545e+02   3.0731394e+02
   3.3672727e+02   3.5168799e+02
   3.3690909e+02   3.7529364e+02
   3.3709091e+02   3.3935646e+02
   3.3727273e+02   3.1229300e+02
   3.3745455e+02   3.0598312e+02
   3.3763636e+02   3.5101385e+02
   3.3800000e+02   3.7893733e+02
   3.3836364e+02   3.6698209e+02
   3.3854545e+02   3.1491895e+02
   3.3872727e+02   3.0054425e+02
   3.3890909e+02   3.4128897e+02
   3.3909091e+02   3.7455254e+02
   3.3927273e+02   3.5470575e+02
   3.3945455e+02   3.3940430e+02
   3.3972727e+02   3.1254992e+02
   3.4000000e+02   3.1585262e+02
   3.4027273e+02   3.7561770e+02
   3.4036364e+02   3.6126040e+02
   3.4045455e+02   3.3090170e+02
   3.4054545e+02   3.2460112e+02
   3.4063636e+02   3.3552470e+02
   3.4081818e+02   3.3541227e+02
   3.4100000e+02   3.5617334e+02
   3.4118182e+02   3.5419447e+02
   3.4136364e+02   3.4062606e+02
   3.4145455e+02   3.3233876e+02
   3.4154545e+02   3.4276412e+02
   3.4163636e+02   3.4681614e+02
   3.4172727e+02   3.3575344e+02
   3.4181818e+02   3.3582786e+02
   3.4190909e+02   3.4254774e+02
   3.4209091e+02   3.5904766e+02
   3.4218182e+02   3.4194366e+02
   3.4227273e+02   3.3980905e+02
   3.4236364e+02   3.4757584e+02
   3.4245455e+02   3.5997504e+02
   3.4263636e+02   3.6663650e+02
   3.4281818e+02   3.4303217e+02
   3.4300000e+02   3.3762827e+02
   3.4318182e+02   3.3368473e+02
   3.4336364e+02   3.7664885e+02
   3.4354545e+02   3.8239008e+02
   3.4363636e+02   3.6432337e+02
   3.4372727e+02   3.0129983e+02
   3.4381818e+02   3.0300161e+02
