   3.4100000e+02   3.5381976e+02
   3.4100000e+02   3.7919361e+02
   3.4100000e+02   3.6332850e+02
   3.4100000e+02   3.5116327e+02
   3.4100000e+02   3.3821773e+02
   3.4100000e+02   3.2481729e+02
   3.4100000e+02   3.1530845e+02
   3.4109091e+02   3.5927698e+02
   3.4118182e+02   3.6601698e+02
   3.4136364e+02   3.7847053e+02
   3.4154545e+02   3.5085192e+02
   3.4172727e+02   3.4038588e+02
   3.4200000e+02   3.1350569e+02
   3.4236364e+02   3.2122933e+02
   3.4272727e+02   3.2957975e+02
   3.4309091e+02   3.5715461e+02
   3.4354545e+02   3.6182389e+02
   3.4400000e+02   3.5439998e+02
   3.4445455e+02   3.3894068e+02
   3.4490909e+02   3.2712431e+02
   3.4527273e+02   3.4097838e+02
   3.4563636e+02   3.7040998e+02
   3.4600000e+02   3.4344538e+02
   3.4627273e+02   3.5804137e+02
   3.4645455e+02   3.4236485e+02
   3.4672727e+02   3.3142530e+02
   3.4700000e+02   3.3593954e+02
   3.4718182e+02   3.6253211e+02
   3.4736364e+02   3.5442432e+02
   3.4745455e+02   3.5854176e+02
   3.4763636e+02   3.4161529e+02
   3.4781818e+02   3.2134145e+02
   3.4800000e+02   3.4130478e+02
   3.4818182e+02   3.5394010e+02
   3.4836364e+02   3.7732681e+02
   3.4863636e+02   3.4985222e+02
   3.4881818e+02   3.2652387e+02
   3.4900000e+02   3.3753225e+02
   3.4918182e+02   3.1680220e+02
   3.4936364e+02   3.3173365e+02
   3.4954545e+02   3.6457332e+02
   3.4981818e+02   3.7602853e+02
   3.5009091e+02   3.7251504e+02
   3.5036364e+02   3.6496401e+02
   3.5063636e+02   3.3764198e+02
   3.5090909e+02   3.2054233e+02
   3.5109091e+02   3.3554571e+02
   3.5136364e+02   3.5437600e+02
   3.5163636e+02   3.9082291e+02
   3.5190909e+02   4.0196760e+02
   3.5218182e+02   3.6585836e+02
   3.5245455e+02   3.2696315e+02
   3.5254545e+02   3.1117476e+02
   3.5281818e+02   3.1990684e+02
   3.5309091e+02   3.6638668e+02
   3.5336364e+02   3.4582908e+02
   3.5363636e+02   3.7963543e+02
   3.5400000e+02   3.6481301e+02
   3.5427273e+02   3.3242305e+02
   3.5454545e+02   3.2583810e+02
   3.5481818e+02   3.5191549e+02
   3.5509091e+02   3.6344840e+02
   3.5536364e+02   3.7081683e+02
   3.5581818e+02   3.8751779e+02
   3.5609091e+02   3.5542893e+02
   3.5636364e+02   3.3047239e+02
   3.5663636e+02   3.4976671e+02
   3.5690909e+02   3.4561844e+02
   3.5709091e+02   3.8292530e+02
   3.5745455e+02   3.6938081e+02
   3.5781818e+02   3.6104268e+02
   3.5818182e+02   3.5465606e+02
   3.5854545e+02   3.5441103e+02
   3.5890909e+02   3.7061818e+02
   3.5909091e+02   3.5947365e+02
   3.5936364e+02   3.6837166e+02
   3.5963636e+02   3.7608352e+02
   3.5990909e+02   3.5229746e+02
   3.6018182e+02   3.6114090e+02
   3.6045455e+02   3.5892941e+02
   3.6054545e+02   3.8560049e+02
   3.6063636e+02   3.7548551e+02
   3.6072727e+02   3.5719615e+02
   3.6081818e+02   3.5536980e+02
   3.6118182e+02   3.3507468e+02
   3.6154545e+02   3.2669999e+02
   3.6181818e+02   3.6619528e+02
   3.6218182e+02   3.8393952e+02
   3.6254545e+02   3.9522159e+02
   3.6290909e+02   3.6143711e+02
   3.6327273e+02   3.3676662e+02
   3.6372727e+02   3.2917154e+02
   3.6418182e+02   3.3365996e+02
   3.6463636e+02   3.9454681e+02
   3.6509091e+02   3.9930224e+02
   3.6527273e+02   3.8840451e+02
   3.6545455e+02   3.8053443e+02
   3.6563636e+02   3.5954800e+02
   3.6572727e+02   3.4161300e+02
   3.6581818e+02   3.4989390e+02
   3.6590909e+02   3.7450159e+02
   3.6600000e+02   3.8015353e+02
   3.6600000e+02   3.9400340e+02
   3.6600000e+02   3.9173590e+02
   3.6600000e+02   3.5101138e+02
   3.6609091e+02   3.4145078e+02
   3.6618182e+02   3.4981420e+02
   3.6627273e+02   3.5256963e+02
   3.6636364e+02   3.8757080e+02
   3.6645455e+02   3.9060239e+02
   3.6654545e+02   3.6661441e+02
   3.6672727e+02   3.5616347e+02
   3.6690909e+02   3.3759234e+02
   3.6709091e+02   3.4587972e+02
   3.6727273e+02   3.5203573e+02
   3.6745455e+02   3.7388252e+02
   3.6763636e+02   3.9322967e+02
   3.6781818e+02   3.9387881e+02
   3.6800000e+02   3.4993577e+02
   3.6818182e+02   3.5497132e+02
   3.6836364e+02   3.6772445e+02
   3.6854545e+02   3.8416871e+02
   3.6863636e+02   3.8512363e+02
   3.6872727e+02   3.6730368e+02
   3.6881818e+02   3.6294702e+02
   3.6890909e+02   3.7560408e+02
   3.6900000e+02   3.6807524e+02
   3.6900000e+02   3.8558340e+02
   3.6900000e+02   3.9069816e+02
   3.6900000e+02   3.9567826e+02
   3.6900000e+02   3.3163420e+02
   3.6900000e+02   3.5057761e+02
   3.6900000e+02   3.5518979e+02
   3.6900000e+02   3.5852817e+02
   3.6900000e+02   3.8536244e+02
   3.6900000e+02   3.9683582e+02
   3.6900000e+02   3.6799445e+02
   3.6900000e+02   3.6299774e+02
   3.6900000e+02   3.6249586e+02
   3.6900000e+02   3.5603488e+02
   3.6900000e+02   3.8066340e+02
   3.6900000e+02   3.8681010e+02
   3.6900000e+02   3.8627999e+02
   3.6900000e+02   3.6304491e+02
   3.6890909e+02   3.4025407e+02
   3.6881818e+02   3.3376739e+02
   3.6872727e+02   3.4989826e+02
   3.6854545e+02   3.7339297e+02
   3.6836364e+02   3.9612833e+02
   3.6818182e+02   3.9119495e+02
   3.6800000e+02   3.5993431e+02
   3.6781818e+02   3.4596813e+02
   3.6763636e+02   3.3308369e+02
   3.6745455e+02   3.4944330e+02
   3.6727273e+02   3.8975193e+02
   3.6718182e+02   4.2061701e+02
   3.6709091e+02   4.0136722e+02
   3.6700000e+02   3.7793295e+02
   3.6700000e+02   3.4926035e+02
   3.6700000e+02   3.3662311e+02
   3.6700000e+02   3.6146911e+02
   3.6709091e+02   3.6770085e+02
   3.6718182e+02   3.7215459e+02
   3.6727273e+02   3.9123030e+02
   3.6736364e+02   3.6279145e+02
   3.6745455e+02   3.5333580e+02
   3.6754545e+02   3.3670565e+02
   3.6763636e+02   3.4852474e+02
   3.6781818e+02   3.5868080e+02
   3.6800000e+02   3.8428536e+02
   3.6818182e+02   3.9849106e+02
   3.6836364e+02   3.7002233e+02
   3.6854545e+02   3.6604817e+02
   3.6872727e+02   3.6769087e+02
   3.6890909e+02   3.7454958e+02
   3.6909091e+02   3.9594060e+02
   3.6936364e+02   3.6635988e+02
   3.6963636e+02   3.6441720e+02
   3.6990909e+02   3.5657925e+02
   3.7018182e+02   3.7121447e+02
   3.7045455e+02   3.8519272e+02
   3.7072727e+02   3.7696425e+02
   3.7100000e+02   3.8818149e+02
   3.7118182e+02   3.5115134e+02
   3.7136364e+02   3.5287019e+02
   3.7154545e+02   3.6112291e+02
   3.7172727e+02   3.8569816e+02
   3.7181818e+02   3.9841246e+02
   3.7200000e+02   4.0117989e+02
   3.7218182e+02   3.6992245e+02
   3.7227273e+02   3.3877550e+02
   3.7236364e+02   3.5092847e+02
   3.7254545e+02   3.4036324e+02
   3.7272727e+02   3.7408144e+02
   3.7290909e+02   3.8933673e+02
   3.7309091e+02   4.0746104e+02
   3.7327273e+02   3.8640865e+02
   3.7345455e+02   3.7921492e+02
   3.7363636e+02   3.5655899e+02
   3.7381818e+02   3.5310781e+02
   3.7400000e+02   3.8014915e+02
   3.7418182e+02   3.9086898e+02
   3.7445455e+02   4.2557378e+02
   3.7463636e+02   3.7916169e+02
   3.7481818e+02   3.4763972e+02
   3.7509091e+02   3.7250747e+02
   3.7563636e+02   3.4857656e+02
   3.7618182e+02   3.6783620e+02
   3.7672727e+02   3.9843313e+02
   3.7727273e+02   4.1207386e+02
   3.7781818e+02   3.6930193e+02
   3.7854545e+02   3.6251973e+02
   3.7927273e+02   3.6073649e+02
   3.8000000e+02   3.6138698e+02
   3.8072727e+02   3.6289077e+02
   3.8145455e+02   3.8970296e+02
   3.8209091e+02   3.9609075e+02
   3.8245455e+02   3.9394640e+02
   3.8281818e+02   3.5507119e+02
   3.8327273e+02   3.7547269e+02
   3.8372727e+02   3.8926518e+02
   3.8418182e+02   3.7285329e+02
   3.8445455e+02   4.0101623e+02
   3.8472727e+02   4.0262710e+02
   3.8490909e+02   3.8276412e+02
   3.8509091e+02   3.8885192e+02
   3.8527273e+02   3.8033562e+02
   3.8545455e+02   3.8892933e+02
   3.8563636e+02   3.8232950e+02
   3.8590909e+02   3.8408456e+02
   3.8609091e+02   3.7421931e+02
   3.8627273e+02   3.6468939e+02
   3.8645455e+02   3.9840439e+02
   3.8663636e+02   3.9215076e+02
   3.8681818e+02   4.1505969e+02
   3.8700000e+02   4.0916566e+02
   3.8718182e+02   3.7071863e+02
   3.8745455e+02   3.4745403e+02
   3.8772727e+02   3.5349863e+02
   3.8800000e+02   3.8010952e+02
   3.8818182e+02   3.9774082e+02
   3.8854545e+02   4.2682915e+02
   3.8890909e+02   4.1144135e+02
   3.8927273e+02   3.7707548e+02
   3.8963636e+02   3.6449376e+02
   3.9000000e+02   3.7129193e+02
   3.9036364e+02   3.8177933e+02
   3.9081818e+02   4.0414827e+02
   3.9118182e+02   4.2446812e+02
   3.9154545e+02   4.3128689e+02
   3.9190909e+02   4.0553374e+02
   3.9236364e+02   3.6393013e+02
   3.9263636e+02   3.4151134e+02
   3.9290909e+02   3.6540959e+02
   3.9309091e+02   4.0633711e+02
   3.9327273e+02   4.1482330e+02
   3.9354545e+02   4.1173292e+02
   3.9381818e+02   3.9413664e+02
   3.9400000e+02   3.6947762e+02
   3.9418182e+02   3.6043432e+02
   3.9436364e+02   3.8154367e+02
   3.9454545e+02   3.9879280e+02
   3.9463636e+02   4.0363333e+02
   3.9472727e+02   4.1905035e+02
   3.9481818e+02   3.9205158e+02
   3.9490909e+02   3.9245735e+02
   3.9500000e+02   3.7708745e+02
   3.9500000e+02   3.8528543e+02
   3.9500000e+02   4.1117247e+02
   3.9500000e+02   4.0887893e+02
   3.9500000e+02   3.9537613e+02
   3.9500000e+02   3.8087249e+02
   3.9500000e+02   3.8015999e+02
   3.9500000e+02   3.9046531e+02
   3.9500000e+02   4.0672985e+02
   3.9509091e+02   4.0459520e+02
   3.9518182e+02   3.9025996e+02
   3.9527273e+02   3.8939020e+02
   3.9536364e+02   3.9754237e+02
   3.9545455e+02   3.8962363e+02
   3.9554545e+02   4.2066691e+02
   3.9563636e+02   4.0719396e+02
   3.9581818e+02   4.1037163e+02
   3.9600000e+02   3.9892846e+02
   3.9618182e+02   3.7910035e+02
   3.9636364e+02   3.8040369e+02
   3.9645455e+02   4.0390416e+02
   3.9654545e+02   3.9875495e+02
   3.9663636e+02   4.2400007e+02
   3.9672727e+02   4.0641058e+02
   3.9690909e+02   3.8867391e+02
   3.9709091e+02   3.6078205e+02
   3.9727273e+02   3.6497676e+02
   3.9736364e+02   3.7091597e+02
   3.9745455e+02   4.2781858e+02
   3.9754545e+02   4.3933111e+02
   3.9763636e+02   4.0209052e+02
   3.9772727e+02   4.0711431e+02
   3.9781818e+02   3.5806941e+02
   3.9790909e+02   3.5633652e+02
   3.9809091e+02   3.9584862e+02
   3.9818182e+02   4.2597654e+02
   3.9827273e+02   4.3723217e+02
   3.9836364e+02   4.1257235e+02
   3.9845455e+02   3.7334200e+02
   3.9854545e+02   3.4751963e+02
   3.9863636e+02   3.7074465e+02
   3.9872727e+02   3.8315710e+02
   3.9881818e+02   4.3128774e+02
   3.9900000e+02   4.2539802e+02
   3.9918182e+02   3.8999466e+02
   3.9927273e+02   3.9429124e+02
   3.9936364e+02   3.6417229e+02
   3.9945455e+02   3.9431962e+02
   3.9972727e+02   4.0189232e+02
   4.0000000e+02   4.1367061e+02
   4.0027273e+02   4.1226396e+02
   4.0054545e+02   4.1494785e+02
   4.0081818e+02   3.9532904e+02
   4.0109091e+02   3.8942896e+02
   4.0127273e+02   3.9392023e+02
   4.0154545e+02   4.0610094e+02
   4.0181818e+02   3.8548347e+02
   4.0209091e+02   4.1025094e+02
   4.0236364e+02   4.0665950e+02
   4.0254545e+02   3.9706152e+02
   4.0272727e+02   4.1040272e+02
   4.0290909e+02   4.0114398e+02
   4.0309091e+02   4.1165524e+02
   4.0336364e+02   3.9467131e+02
   4.0363636e+02   4.0708362e+02
   4.0400000e+02   3.9904663e+02
   4.0427273e+02   4.0874485e+02
   4.0454545e+02   4.0842236e+02
   4.0490909e+02   4.2017753e+02
   4.0527273e+02   4.2544888e+02
   4.0554545e+02   4.2053687e+02
   4.0590909e+02   3.6319073e+02
   4.0627273e+02   3.6464625e+02
   4.0663636e+02   4.0765387e+02
   4.0700000e+02   4.4161586e+02
   4.0736364e+02   4.3526111e+02
   4.0763636e+02   4.4556324e+02
   4.0790909e+02   4.2400273e+02
   4.0818182e+02   3.8532904e+02
   4.0845455e+02   3.7356713e+02
   4.0872727e+02   3.9462083e+02
   4.0900000e+02   4.2546860e+02
   4.0918182e+02   4.4794109e+02
   4.0936364e+02   4.3926444e+02
   4.0954545e+02   4.2691477e+02
   4.0963636e+02   3.7630149e+02
   4.0981818e+02   3.6375331e+02
   4.1000000e+02   3.9770976e+02
   4.1018182e+02   4.2391534e+02
   4.1036364e+02   4.4798864e+02
   4.1045455e+02   4.1497132e+02
   4.1054545e+02   4.0776652e+02
   4.1072727e+02   3.6856870e+02
   4.1090909e+02   3.7998348e+02
   4.1109091e+02   4.0779800e+02
   4.1127273e+02   4.2935969e+02
   4.1145455e+02   4.4532268e+02
   4.1154545e+02   4.3901412e+02
   4.1172727e+02   4.1644725e+02
   4.1190909e+02   3.9240020e+02
   4.1209091e+02   3.8803044e+02
   4.1227273e+02   4.1721575e+02
   4.1245455e+02   4.2515506e+02
   4.1254545e+02   4.2286859e+02
   4.1272727e+02   4.0313158e+02
   4.1290909e+02   3.9168721e+02
   4.1327273e+02   3.8816790e+02
   4.1363636e+02   3.9365050e+02
   4.1418182e+02   4.1732637e+02
   4.1463636e+02   4.1398710e+02
   4.1527273e+02   4.1639609e+02
   4.1590909e+02   4.1806145e+02
   4.1654545e+02   3.9760827e+02
   4.1718182e+02   4.0341300e+02
   4.1781818e+02   4.2385548e+02
   4.1836364e+02   4.2610249e+02
   4.1909091e+02   4.1619320e+02
   4.1963636e+02   4.2095097e+02
   4.2018182e+02   3.9598012e+02
   4.2054545e+02   4.0747100e+02
   4.2090909e+02   4.2227346e+02
   4.2109091e+02   4.3890271e+02
   4.2127273e+02   4.5664430e+02
   4.2145455e+02   4.4998446e+02
   4.2163636e+02   4.1846396e+02
   4.2209091e+02   3.7722736e+02
   4.2254545e+02   4.0939611e+02
   4.2281818e+02   4.1337583e+02
   4.2309091e+02   4.3137188e+02
   4.2336364e+02   4.4073606e+02
   4.2381818e+02   4.1270320e+02
   4.2427273e+02   3.9259194e+02
   4.2472727e+02   4.0591236e+02
   4.2518182e+02   3.9337462e+02
   4.2563636e+02   4.5230159e+02
   4.2627273e+02   4.6091272e+02
   4.2663636e+02   4.7532302e+02
   4.2700000e+02   4.4387864e+02
   4.2736364e+02   4.0839894e+02
   4.2772727e+02   3.8952101e+02
   4.2809091e+02   4.0580212e+02
   4.2827273e+02   4.1244821e+02
   4.2845455e+02   4.4592975e+02
   4.2863636e+02   4.5153741e+02
   4.2881818e+02   4.4614308e+02
   4.2900000e+02   4.2955475e+02
   4.2900000e+02   4.2287570e+02
   4.2900000e+02   3.8658340e+02
   4.2900000e+02   4.3500076e+02
   4.2900000e+02   4.3766840e+02
   4.2900000e+02   4.4011508e+02
   4.2900000e+02   4.3795056e+02
   4.2900000e+02   4.1786724e+02
   4.2900000e+02   4.1539871e+02
   4.2927273e+02   4.3205873e+02
   4.2954545e+02   4.2523212e+02
   4.2981818e+02   4.3708601e+02
   4.3009091e+02   4.1624861e+02
   4.3036364e+02   4.2296040e+02
   4.3063636e+02   4.3297988e+02
   4.3090909e+02   4.1400809e+02
   4.3118182e+02   4.4307493e+02
   4.3145455e+02   4.2862451e+02
   4.3172727e+02   4.3827773e+02
   4.3200000e+02   4.1621801e+02
   4.3200000e+02   4.1885009e+02
   4.3200000e+02   4.1090199e+02
   4.3218182e+02   4.2873456e+02
   4.3236364e+02   4.4822620e+02
   4.3254545e+02   4.4815900e+02
   4.3272727e+02   4.2900303e+02
   4.3290909e+02   4.0677552e+02
   4.3309091e+02   4.2028491e+02
   4.3327273e+02   4.1944874e+02
   4.3345455e+02   4.4199671e+02
   4.3363636e+02   4.5971562e+02
   4.3381818e+02   4.5675542e+02
   4.3400000e+02   4.4236389e+02
   4.3418182e+02   4.0583344e+02
   4.3436364e+02   4.0967047e+02
   4.3454545e+02   4.2270770e+02
   4.3472727e+02   4.4492947e+02
   4.3490909e+02   4.6501551e+02
   4.3509091e+02   4.6348710e+02
   4.3527273e+02   4.3561381e+02
   4.3563636e+02   3.9906523e+02
   4.3600000e+02   3.9460279e+02
   4.3636364e+02   4.2142555e+02
   4.3672727e+02   4.5860164e+02
   4.3690909e+02   4.6764546e+02
   4.3709091e+02   4.6884548e+02
   4.3727273e+02   4.3077625e+02
   4.3745455e+02   4.1617970e+02
   4.3763636e+02   4.2133476e+02
   4.3781818e+02   4.1969526e+02
   4.3800000e+02   4.2871150e+02
   4.3800000e+02   4.5199750e+02
   4.3800000e+02   4.6490874e+02
   4.3800000e+02   4.3931787e+02
   4.3800000e+02   4.4635540e+02
   4.3800000e+02   4.0700458e+02
   4.3818182e+02   4.2686699e+02
   4.3836364e+02   4.4653218e+02
   4.3854545e+02   4.3966574e+02
   4.3872727e+02   4.6011968e+02
   4.3890909e+02   4.4063806e+02
   4.3909091e+02   4.4429562e+02
   4.3927273e+02   4.3758928e+02
   4.3945455e+02   4.0972565e+02
   4.3963636e+02   4.3511814e+02
   4.3981818e+02   4.4615722e+02
   4.4000000e+02   4.2828883e+02
   4.4000000e+02   4.3118489e+02
   4.4027273e+02   4.3556246e+02
   4.4054545e+02   4.4172916e+02
   4.4081818e+02   4.5900600e+02
   4.4109091e+02   4.4986787e+02
   4.4136364e+02   4.4193239e+02
   4.4163636e+02   4.1547781e+02
   4.4190909e+02   4.2231153e+02
   4.4218182e+02   4.3882886e+02
   4.4245455e+02   4.7443153e+02
   4.4272727e+02   4.8526950e+02
   4.4300000e+02   4.5854520e+02
   4.4300000e+02   4.4298175e+02
   4.4300000e+02   4.2037658e+02
   4.4318182e+02   4.0833006e+02
   4.4336364e+02   4.5256378e+02
   4.4354545e+02   4.9160729e+02
   4.4372727e+02   4.7791765e+02
   4.4390909e+02   4.6709010e+02
   4.4409091e+02   4.0918162e+02
   4.4427273e+02   4.1847903e+02
   4.4445455e+02   4.1394714e+02
   4.4463636e+02   4.4704139e+02
   4.4481818e+02   4.8950484e+02
   4.4500000e+02   4.7472568e+02
   4.4500000e+02   4.7905755e+02
   4.4500000e+02   4.2376256e+02
   4.4500000e+02   4.1516708e+02
   4.4536364e+02   4.2225194e+02
   4.4572727e+02   4.5142698e+02
   4.4609091e+02   4.6554108e+02
   4.4645455e+02   4.6701614e+02
   4.4681818e+02   4.7853297e+02
   4.4718182e+02   4.3804328e+02
   4.4754545e+02   4.0414314e+02
   4.4790909e+02   4.3405944e+02
   4.4827273e+02   4.2800120e+02
   4.4881818e+02   4.7256964e+02
   4.4936364e+02   4.8439169e+02
   4.4954545e+02   4.5309121e+02
   4.4972727e+02   4.3572470e+02
   4.4990909e+02   4.4380966e+02
   4.5027273e+02   4.3648069e+02
   4.5063636e+02   4.4444855e+02
   4.5100000e+02   4.4091609e+02
   4.5136364e+02   4.4585036e+02
   4.5172727e+02   4.5632950e+02
   4.5218182e+02   4.4661601e+02
   4.5245455e+02   4.6173325e+02
   4.5272727e+02   4.5613511e+02
   4.5300000e+02   4.5488969e+02
   4.5327273e+02   4.3587929e+02
   4.5372727e+02   4.3860683e+02
   4.5400000e+02   4.4599404e+02
   4.5427273e+02   4.3956827e+02
   4.5454545e+02   4.7803211e+02
   4.5481818e+02   4.5103856e+02
   4.5518182e+02   4.7130617e+02
   4.5545455e+02   4.5441849e+02
   4.5590909e+02   4.2400857e+02
   4.5636364e+02   4.3636096e+02
   4.5681818e+02   4.6028432e+02
   4.5727273e+02   4.5718543e+02
   4.5754545e+02   4.8107719e+02
   4.5781818e+02   4.6452272e+02
   4.5827273e+02   4.6475594e+02
   4.5872727e+02   4.2195138e+02
   4.5918182e+02   4.2334104e+02
   4.5954545e+02   4.6507189e+02
   4.5990909e+02   4.8646036e+02
   4.6009091e+02   4.8427333e+02
   4.6036364e+02   5.0218407e+02
   4.6063636e+02   4.5315623e+02
   4.6090909e+02   4.3202073e+02
   4.6118182e+02   4.4682526e+02
   4.6145455e+02   4.6343317e+02
   4.6154545e+02   4.6618264e+02
   4.6172727e+02   4.9036504e+02
   4.6190909e+02   4.9579466e+02
   4.6209091e+02   4.7221667e+02
   4.6227273e+02   4.3661971e+02
   4.6245455e+02   4.3448983e+02
   4.6254545e+02   4.3933722e+02
   4.6263636e+02   4.5308573e+02
   4.6272727e+02   4.8818794e+02
   4.6281818e+02   4.7180509e+02
   4.6290909e+02   4.5905212e+02
   4.6300000e+02   4.7260665e+02
   4.6300000e+02   4.4398356e+02
   4.6309091e+02   4.6863322e+02
   4.6318182e+02   4.5436318e+02
   4.6327273e+02   4.8698953e+02
   4.6336364e+02   4.5380264e+02
   4.6345455e+02   4.5810779e+02
   4.6354545e+02   4.5545215e+02
   4.6363636e+02   4.6276661e+02
   4.6372727e+02   4.6178440e+02
   4.6381818e+02   4.6119718e+02
   4.6390909e+02   4.5164072e+02
   4.6400000e+02   4.5525997e+02
   4.6400000e+02   4.4402520e+02
   4.6400000e+02   4.5966484e+02
   4.6400000e+02   4.6440363e+02
   4.6400000e+02   4.8496988e+02
   4.6400000e+02   4.7507048e+02
   4.6400000e+02   4.5364379e+02
   4.6400000e+02   4.3846708e+02
   4.6400000e+02   4.5518239e+02
   4.6400000e+02   4.6836488e+02
   4.6400000e+02   4.7607992e+02
   4.6400000e+02   4.7751167e+02
   4.6400000e+02   4.5171841e+02
   4.6390909e+02   4.6121772e+02
   4.6381818e+02   4.2224812e+02
   4.6372727e+02   4.4568693e+02
   4.6354545e+02   4.6421838e+02
   4.6336364e+02   4.9112884e+02
   4.6309091e+02   4.8718059e+02
   4.6281818e+02   4.7156331e+02
   4.6245455e+02   4.4409609e+02
   4.6200000e+02   4.3758103e+02
   4.6154545e+02   4.1924030e+02
   4.6109091e+02   4.5497606e+02
   4.6054545e+02   4.9643318e+02
   4.5981818e+02   5.0114676e+02
   4.5900000e+02   4.6399518e+02
   4.5827273e+02   4.5623330e+02
   4.5754545e+02   4.0319671e+02
   4.5690909e+02   4.2375971e+02
   4.5627273e+02   4.6728930e+02
   4.5563636e+02   4.8355469e+02
   4.5509091e+02   4.9086199e+02
   4.5454545e+02   4.7147654e+02
   4.5400000e+02   4.3800439e+02
   4.5363636e+02   4.3948974e+02
   4.5336364e+02   4.5723526e+02
   4.5318182e+02   4.5087518e+02
   4.5300000e+02   4.8117019e+02
   4.5281818e+02   4.6149991e+02
   4.5254545e+02   4.5351761e+02
   4.5227273e+02   4.5249775e+02
   4.5200000e+02   4.2485227e+02
   4.5172727e+02   4.5283366e+02
   4.5145455e+02   4.3368234e+02
   4.5109091e+02   4.3630927e+02
   4.5072727e+02   4.5819007e+02
   4.5045455e+02   4.4750268e+02
   4.5000000e+02   4.5616610e+02
   4.4945455e+02   4.4837779e+02
   4.4872727e+02   4.5931016e+02
   4.4790909e+02   4.5357166e+02
   4.4690909e+02   4.5072644e+02
   4.4590909e+02   4.3140802e+02
   4.4481818e+02   4.3537757e+02
   4.4372727e+02   4.3030623e+02
   4.4272727e+02   4.4684164e+02
   4.4172727e+02   4.8420892e+02
   4.4072727e+02   4.4497094e+02
   4.3990909e+02   4.4141730e+02
   4.3927273e+02   4.1956932e+02
   4.3881818e+02   4.2104863e+02
   4.3854545e+02   4.4174236e+02
   4.3845455e+02   4.6604255e+02
   4.3836364e+02   4.5629906e+02
   4.3809091e+02   4.4179889e+02
   4.3781818e+02   4.4655557e+02
   4.3745455e+02   4.0142749e+02
   4.3690909e+02   3.9786709e+02
   4.3590909e+02   4.2694929e+02
   4.3472727e+02   4.3090121e+02
   4.3336364e+02   4.8021805e+02
   4.3181818e+02   4.5613167e+02
   4.3018182e+02   4.3273864e+02
   4.2845455e+02   4.0512309e+02
   4.2672727e+02   3.9639811e+02
   4.2518182e+02   4.0856418e+02
   4.2345455e+02   4.4655416e+02
   4.2172727e+02   4.5382077e+02
   4.2000000e+02   4.5886140e+02
   4.1863636e+02   4.2559306e+02
   4.1745455e+02   3.9584481e+02
   4.1627273e+02   4.0212552e+02
   4.1527273e+02   3.9251462e+02
   4.1427273e+02   4.2941529e+02
   4.1336364e+02   4.5921195e+02
   4.1254545e+02   4.3123983e+02
   4.1163636e+02   4.2421066e+02
   4.1090909e+02   3.9505452e+02
   4.1027273e+02   3.8536549e+02
   4.0981818e+02   4.0021734e+02
   4.0936364e+02   4.2683505e+02
   4.0881818e+02   4.4388211e+02
   4.0836364e+02   4.3004022e+02
   4.0790909e+02   4.0154443e+02
   4.0745455e+02   3.7745990e+02
   4.0700000e+02   4.0916288e+02
   4.0654545e+02   4.1515378e+02
   4.0618182e+02   4.0464918e+02
   4.0581818e+02   4.1744032e+02
   4.0545455e+02   4.0270597e+02
   4.0509091e+02   4.0618100e+02
   4.0472727e+02   4.0141042e+02
   4.0436364e+02   4.0163105e+02
   4.0400000e+02   4.0821978e+02
   4.0363636e+02   3.9712096e+02
   4.0336364e+02   3.9278669e+02
   4.0300000e+02   3.9258871e+02
   4.0254545e+02   3.6945522e+02
   4.0218182e+02   3.8286129e+02
   4.0181818e+02   4.2337783e+02
   4.0136364e+02   4.2727874e+02
   4.0063636e+02   3.9679250e+02
   3.9990909e+02   3.9477596e+02
   3.9918182e+02   3.8335411e+02
   3.9836364e+02   3.8048082e+02
   3.9754545e+02   3.8044927e+02
   3.9645455e+02   4.1403769e+02
   3.9545455e+02   4.1472615e+02
   3.9445455e+02   4.0623762e+02
   3.9327273e+02   3.6826104e+02
   3.9200000e+02   3.5217151e+02
   3.9063636e+02   3.8061077e+02
   3.8954545e+02   3.8540391e+02
   3.8845455e+02   4.0960347e+02
   3.8745455e+02   4.1961826e+02
   3.8645455e+02   3.8173983e+02
   3.8545455e+02   3.5811157e+02
   3.8454545e+02   3.5277128e+02
   3.8354545e+02   3.5890427e+02
   3.8236364e+02   3.6439545e+02
   3.8100000e+02   4.1102114e+02
   3.7945455e+02   4.0383079e+02
   3.7809091e+02   3.9781879e+02
   3.7681818e+02   3.6623535e+02
   3.7563636e+02   3.4651133e+02
   3.7445455e+02   3.3479100e+02
   3.7345455e+02   3.7484471e+02
   3.7245455e+02   3.7459353e+02
   3.7163636e+02   3.9284264e+02
   3.7100000e+02   3.8241083e+02
   3.7063636e+02   3.6815607e+02
   3.7063636e+02   3.4231519e+02
   3.7081818e+02   3.6290014e+02
   3.7090909e+02   3.5641565e+02
   3.7090909e+02   3.7761403e+02
   3.7081818e+02   3.8647466e+02
   3.7063636e+02   3.8047774e+02
   3.7027273e+02   3.4856026e+02
   3.6981818e+02   3.7684658e+02
   3.6927273e+02   3.7597213e+02
   3.6863636e+02   3.7482249e+02
   3.6800000e+02   3.6213997e+02
   3.6718182e+02   3.6327809e+02
   3.6627273e+02   3.4891905e+02
   3.6545455e+02   3.5347677e+02
   3.6445455e+02   3.7130411e+02
   3.6336364e+02   3.9191010e+02
   3.6236364e+02   3.8008492e+02
   3.6118182e+02   3.6972750e+02
   3.6009091e+02   3.4687890e+02
   3.5900000e+02   3.2952509e+02
   3.5790909e+02   3.3931126e+02
   3.5663636e+02   3.7781514e+02
   3.5536364e+02   3.8164396e+02
   3.5427273e+02   3.7994203e+02
   3.5290909e+02   3.6331264e+02
   3.5163636e+02   3.2506430e+02
   3.5054545e+02   3.1648973e+02
   3.4927273e+02   3.3155192e+02
   3.4827273e+02   3.6615944e+02
   3.4718182e+02   3.9909484e+02
   3.4618182e+02   3.6466646e+02
   3.4500000e+02   3.5418547e+02
   3.4390909e+02   3.1019889e+02
   3.4281818e+02   3.1915549e+02
   3.4172727e+02   3.2775167e+02
   3.4081818e+02   3.4492650e+02
   3.4000000e+02   3.7063847e+02
   3.3890909e+02   3.7543455e+02
   3.3790909e+02   3.5599323e+02
   3.3681818e+02   3.2510381e+02
   3.3581818e+02   2.9857196e+02
   3.3472727e+02   3.0364069e+02
   3.3381818e+02   3.4322564e+02
   3.3281818e+02   3.6385981e+02
   3.3200000e+02   3.2899218e+02
   3.3118182e+02   3.3099023e+02
   3.3036364e+02   3.3517419e+02
   3.2945455e+02   3.0724640e+02
   3.2872727e+02   3.0975853e+02
   3.2809091e+02   3.2006715e+02
   3.2745455e+02   3.1892346e+02
   3.2672727e+02   3.3242818e+02
   3.2600000e+02   3.2490503e+02
   3.2527273e+02   3.0534302e+02
   3.2472727e+02   3.1710980e+02
   3.2409091e+02   3.3572920e+02
   3.2345455e+02   3.2313193e+02
   3.2290909e+02   3.2983835e+02
   3.2245455e+02   3.2529345e+02
   3.2200000e+02   3.1735485e+02
   3.2154545e+02   3.3874527e+02
   3.2118182e+02   3.1363601e+02
   3.2090909e+02   3.3398680e+02
   3.2063636e+02   3.1992813e+02
   3.2036364e+02   3.0649396e+02
   3.2009091e+02   3.0111713e+02
   3.1981818e+02   3.1422515e+02
   3.1954545e+02   3.2297555e+02
   3.1918182e+02   3.5509892e+02
   3.1881818e+02   3.3053798e+02
   3.1845455e+02   3.3148512e+02
   3.1790909e+02   2.9405265e+02
   3.1727273e+02   2.8324866e+02
   3.1654545e+02   2.6641570e+02
   3.1572727e+02   3.2254777e+02
   3.1490909e+02   3.5595328e+02
   3.1390909e+02   3.4683080e+02
   3.1290909e+02   3.4458231e+02
   3.1181818e+02   2.9371344e+02
   3.1081818e+02   2.6908826e+02
   3.0963636e+02   2.7219420e+02
   3.0854545e+02   3.0511846e+02
   3.0754545e+02   3.4411555e+02
   3.0654545e+02   3.3136760e+02
   3.0554545e+02   3.2332631e+02
   3.0463636e+02   2.7822531e+02
   3.0363636e+02   2.7373496e+02
   3.0263636e+02   2.5689994e+02
   3.0163636e+02   2.9563200e+02
   3.0063636e+02   3.2945996e+02
   2.9954545e+02   3.5068844e+02
   2.9836364e+02   3.2084442e+02
   2.9700000e+02   2.9029679e+02
   2.9563636e+02   2.7897497e+02
   2.9427273e+02   2.7658041e+02
   2.9281818e+02   2.6361321e+02
   2.9145455e+02   2.8926831e+02
   2.9009091e+02   2.9682394e+02
   2.8890909e+02   2.9205903e+02
   2.8763636e+02   2.6938636e+02
   2.8645455e+02   2.6463964e+02
   2.8536364e+02   2.6692652e+02
   2.8454545e+02   2.9187526e+02
   2.8390909e+02   2.8338185e+02
   2.8327273e+02   2.7560327e+02
   2.8272727e+02   2.7469877e+02
   2.8227273e+02   2.7225417e+02
   2.8172727e+02   2.8697324e+02
   2.8118182e+02   2.8481246e+02
   2.8036364e+02   2.7062468e+02
   2.7963636e+02   2.9102293e+02
   2.7881818e+02   2.6200434e+02
   2.7800000e+02   2.5989310e+02
   2.7709091e+02   2.6669952e+02
   2.7618182e+02   2.9263304e+02
   2.7527273e+02   2.9773248e+02
   2.7427273e+02   2.7182955e+02
   2.7327273e+02   2.9343387e+02
   2.7236364e+02   2.5293161e+02
   2.7154545e+02   2.4685989e+02
   2.7081818e+02   2.6784066e+02
   2.7018182e+02   2.6776569e+02
   2.6945455e+02   3.1036843e+02
   2.6872727e+02   2.9774275e+02
   2.6809091e+02   2.6971351e+02
   2.6736364e+02   2.5435024e+02
   2.6672727e+02   2.3727894e+02
   2.6618182e+02   2.3110155e+02
   2.6563636e+02   2.7863179e+02
   2.6500000e+02   3.0591931e+02
   2.6436364e+02   3.0706960e+02
   2.6381818e+02   2.6161357e+02
   2.6327273e+02   2.1972728e+02
   2.6281818e+02   2.3598778e+02
   2.6236364e+02   2.4692758e+02
   2.6190909e+02   2.7868583e+02
   2.6154545e+02   3.0896361e+02
   2.6109091e+02   2.8970777e+02
   2.6063636e+02   2.2943635e+02
   2.6018182e+02   2.2361564e+02
   2.5981818e+02   2.1822362e+02
   2.5945455e+02   2.3008681e+02
   2.5918182e+02   2.7458516e+02
   2.5881818e+02   2.8099165e+02
   2.5854545e+02   2.7463950e+02
   2.5818182e+02   2.6771589e+02
   2.5781818e+02   2.3725205e+02
   2.5745455e+02   2.3663716e+02
   2.5709091e+02   2.4479970e+02
   2.5672727e+02   2.5843867e+02
   2.5627273e+02   2.6695736e+02
   2.5563636e+02   2.4571580e+02
   2.5490909e+02   2.5382494e+02
   2.5409091e+02   2.5466266e+02
   2.5336364e+02   2.5234942e+02
   2.5254545e+02   2.3046273e+02
   2.5181818e+02   2.5703667e+02
   2.5109091e+02   2.4467830e+02
   2.5027273e+02   2.5426471e+02
   2.4954545e+02   2.4166324e+02
   2.4872727e+02   2.4525809e+02
   2.4800000e+02   2.6020571e+02
   2.4745455e+02   2.6435103e+02
   2.4700000e+02   2.6288814e+02
   2.4663636e+02   2.2979897e+02
   2.4618182e+02   2.1203228e+02
   2.4581818e+02   2.2780090e+02
   2.4536364e+02   2.5629856e+02
   2.4490909e+02   2.6465756e+02
   2.4445455e+02   2.7772292e+02
   2.4400000e+02   2.4955084e+02
   2.4363636e+02   2.2179160e+02
   2.4336364e+02   2.3305924e+02
   2.4309091e+02   2.1626050e+02
   2.4281818e+02   2.4797170e+02
   2.4254545e+02   2.6397718e+02
   2.4236364e+02   2.7558285e+02
   2.4218182e+02   2.5313708e+02
   2.4209091e+02   2.2053961e+02
   2.4200000e+02   2.1063365e+02
   2.4200000e+02   2.2694019e+02
   2.4200000e+02   2.4194859e+02
   2.4190909e+02   2.6215545e+02
   2.4181818e+02   2.7515589e+02
   2.4172727e+02   2.6512966e+02
   2.4163636e+02   2.4759388e+02
   2.4154545e+02   1.9297071e+02
   2.4145455e+02   2.2071949e+02
   2.4136364e+02   2.3514950e+02
   2.4127273e+02   2.6874794e+02
   2.4118182e+02   2.7287384e+02
   2.4100000e+02   2.5050995e+02
   2.4081818e+02   2.1602258e+02
   2.4072727e+02   2.0785036e+02
   2.4063636e+02   2.1104516e+02
   2.4054545e+02   2.3188350e+02
   2.4045455e+02   2.6570807e+02
   2.4036364e+02   2.5447345e+02
   2.4027273e+02   2.5112886e+02
   2.4018182e+02   2.4713927e+02
   2.4000000e+02   2.2451714e+02
   2.3981818e+02   2.3678954e+02
   2.3972727e+02   2.3659000e+02
   2.3963636e+02   2.5668449e+02
   2.3954545e+02   2.5754897e+02
   2.3945455e+02   2.3801239e+02
   2.3927273e+02   2.3807057e+02
   2.3909091e+02   2.3525692e+02
   2.3890909e+02   2.5660330e+02
   2.3863636e+02   2.3993120e+02
   2.3836364e+02   2.3209220e+02
   2.3818182e+02   2.3926961e+02
   2.3800000e+02   2.1838447e+02
   2.3772727e+02   2.4327386e+02
   2.3745455e+02   2.2656469e+02
   2.3718182e+02   2.6751908e+02
   2.3681818e+02   2.4954766e+02
   2.3654545e+02   2.3478415e+02
   2.3618182e+02   2.0759479e+02
   2.3581818e+02   2.1948467e+02
   2.3545455e+02   2.1293946e+02
   2.3500000e+02   2.4233716e+02
   2.3445455e+02   2.8407657e+02
   2.3381818e+02   2.4234755e+02
   2.3327273e+02   2.2702718e+02
   2.3272727e+02   2.1044947e+02
   2.3209091e+02   1.9178584e+02
   2.3154545e+02   2.1512778e+02
   2.3090909e+02   2.5431726e+02
   2.3036364e+02   2.6204417e+02
   2.2963636e+02   2.7679596e+02
   2.2890909e+02   2.1348448e+02
   2.2827273e+02   2.0158185e+02
   2.2772727e+02   1.8147501e+02
   2.2718182e+02   2.1745427e+02
   2.2663636e+02   2.2415430e+02
   2.2609091e+02   2.4401452e+02
   2.2563636e+02   2.4864472e+02
   2.2518182e+02   2.1350019e+02
   2.2481818e+02   1.8884060e+02
   2.2436364e+02   1.9390401e+02
   2.2409091e+02   1.9171538e+02
   2.2390909e+02   2.3501124e+02
   2.2372727e+02   2.5598573e+02
   2.2354545e+02   2.3889548e+02
   2.2345455e+02   2.1055402e+02
   2.2336364e+02   2.0621034e+02
   2.2327273e+02   2.0108310e+02
   2.2309091e+02   1.9018930e+02
   2.2290909e+02   2.3771789e+02
   2.2272727e+02   2.3698644e+02
   2.2263636e+02   2.1265151e+02
   2.2254545e+02   2.4479578e+02
   2.2245455e+02   2.1286713e+02
   2.2236364e+02   2.0376895e+02
   2.2227273e+02   2.1337785e+02
   2.2218182e+02   2.3318085e+02
   2.2209091e+02   2.1184363e+02
   2.2200000e+02   2.0828192e+02
   2.2190909e+02   2.0935721e+02
   2.2181818e+02   2.1787305e+02
   2.2172727e+02   2.3135742e+02
   2.2163636e+02   2.2396377e+02
   2.2154545e+02   2.2663461e+02
   2.2145455e+02   2.1622942e+02
   2.2136364e+02   1.8429703e+02
   2.2118182e+02   1.8769632e+02
   2.2100000e+02   2.1199937e+02
   2.2081818e+02   2.4251112e+02
   2.2063636e+02   2.5202832e+02
   2.2054545e+02   2.2321357e+02
   2.2045455e+02   2.1780005e+02
   2.2027273e+02   2.0710657e+02
   2.2009091e+02   2.0048847e+02
   2.1990909e+02   2.5898309e+02
   2.1963636e+02   2.4488908e+02
   2.1927273e+02   2.6288927e+02
   2.1900000e+02   2.3433911e+02
   2.1872727e+02   1.8509622e+02
   2.1845455e+02   2.0225768e+02
   2.1818182e+02   1.7761035e+02
   2.1781818e+02   2.2237179e+02
   2.1745455e+02   2.6819826e+02
   2.1709091e+02   2.6199930e+02
   2.1672727e+02   2.3224337e+02
   2.1636364e+02   1.9685349e+02
   2.1609091e+02   1.8304491e+02
   2.1581818e+02   2.0850459e+02
   2.1554545e+02   2.0477627e+02
   2.1527273e+02   2.3091027e+02
   2.1490909e+02   2.3559505e+02
   2.1454545e+02   2.2576516e+02
   2.1427273e+02   1.9831512e+02
   2.1390909e+02   1.9713584e+02
   2.1363636e+02   1.9514967e+02
   2.1327273e+02   1.9958718e+02
   2.1290909e+02   2.4220914e+02
   2.1254545e+02   2.2134372e+02
   2.1218182e+02   2.1349325e+02
   2.1181818e+02   2.0865703e+02
   2.1145455e+02   1.8071967e+02
   2.1109091e+02   1.8735943e+02
   2.1072727e+02   2.0090636e+02
   2.1036364e+02   1.9499243e+02
   2.1009091e+02   2.3305760e+02
   2.0972727e+02   2.0404478e+02
   2.0945455e+02   2.1038374e+02
   2.0909091e+02   2.0301921e+02
   2.0872727e+02   2.0433161e+02
   2.0836364e+02   2.1977172e+02
   2.0800000e+02   2.1603935e+02
   2.0763636e+02   1.8643897e+02
   2.0736364e+02   2.0815317e+02
   2.0709091e+02   2.1251631e+02
   2.0681818e+02   2.1360458e+02
   2.0654545e+02   2.3609455e+02
   2.0636364e+02   2.1033015e+02
   2.0618182e+02   2.1291995e+02
   2.0609091e+02   1.8682889e+02
   2.0600000e+02   1.9396384e+02
   2.0600000e+02   1.8856480e+02
   2.0600000e+02   2.3931743e+02
   2.0600000e+02   2.3180347e+02
   2.0590909e+02   2.3452469e+02
   2.0581818e+02   2.1843150e+02
   2.0572727e+02   1.8590649e+02
   2.0563636e+02   1.6497784e+02
   2.0554545e+02   1.8090276e+02
   2.0545455e+02   2.1559694e+02
   2.0536364e+02   2.4519282e+02
   2.0536364e+02   2.2814738e+02
   2.0536364e+02   2.0472257e+02
   2.0536364e+02   1.7625443e+02
   2.0536364e+02   1.7990668e+02
   2.0545455e+02   1.8656359e+02
   2.0554545e+02   2.2527475e+02
   2.0563636e+02   2.1532841e+02
   2.0572727e+02   2.2867383e+02
   2.0581818e+02   1.9287119e+02
   2.0590909e+02   1.7368743e+02
   2.0600000e+02   1.7035040e+02
   2.0600000e+02   1.8315173e+02
   2.0600000e+02   2.1330999e+02
   2.0600000e+02   2.3815443e+02
   2.0600000e+02   2.4347226e+02
   2.0600000e+02   1.8907232e+02
   2.0600000e+02   2.1054301e+02
   2.0600000e+02   2.0241889e+02
   2.0600000e+02   2.0240113e+02
   2.0590909e+02   2.2735871e+02
   2.0581818e+02   2.1851047e+02
   2.0554545e+02   2.0219001e+02
   2.0527273e+02   2.1346009e+02
   2.0490909e+02   2.1919041e+02
   2.0454545e+02   1.9018335e+02
   2.0409091e+02   1.9681984e+02
   2.0363636e+02   2.2440789e+02
   2.0318182e+02   2.0229884e+02
   2.0254545e+02   1.8111464e+02
   2.0190909e+02   2.1101736e+02
   2.0127273e+02   2.0269552e+02
   2.0063636e+02   1.9960049e+02
   2.0009091e+02   2.0340956e+02
   1.9954545e+02   2.0373381e+02
   1.9890909e+02   1.9624242e+02
   1.9818182e+02   1.6725735e+02
   1.9745455e+02   1.8618373e+02
   1.9663636e+02   2.0954720e+02
   1.9572727e+02   2.0352604e+02
   1.9472727e+02   2.2360458e+02
   1.9372727e+02   1.8330749e+02
   1.9272727e+02   1.8158358e+02
   1.9163636e+02   1.5050006e+02
   1.9063636e+02   1.7365951e+02
   1.8954545e+02   2.0017924e+02
   1.8863636e+02   2.1117881e+02
   1.8772727e+02   2.0451677e+02
   1.8690909e+02   2.1194654e+02
   1.8618182e+02   1.7166312e+02
   1.8545455e+02   1.7103044e+02
   1.8500000e+02   1.5465891e+02
   1.8454545e+02   1.6198611e+02
   1.8409091e+02   2.3019374e+02
   1.8363636e+02   2.1576550e+02
   1.8318182e+02   2.0730432e+02
   1.8281818e+02   1.6610778e+02
   1.8245455e+02   1.5620944e+02
   1.8218182e+02   1.6820391e+02
   1.8190909e+02   1.9015196e+02
   1.8163636e+02   2.1365386e+02
   1.8136364e+02   2.1231698e+02
   1.8109091e+02   1.9874796e+02
   1.8081818e+02   1.6909392e+02
   1.8063636e+02   1.4911094e+02
   1.8054545e+02   1.6505240e+02
   1.8045455e+02   1.6927440e+02
   1.8036364e+02   1.7710996e+02
   1.8027273e+02   1.9808037e+02
   1.8018182e+02   1.9102859e+02
   1.8009091e+02   1.7956955e+02
   1.8000000e+02   1.7940821e+02
   1.8000000e+02   1.7976289e+02
   1.8000000e+02   2.0268726e+02
   1.8000000e+02   1.8487080e+02
   1.8009091e+02   1.9084207e+02
   1.8018182e+02   1.7098672e+02
   1.8027273e+02   1.7701043e+02
   1.8036364e+02   1.6254000e+02
   1.8045455e+02   1.8155033e+02
   1.8054545e+02   1.9539264e+02
   1.8063636e+02   1.6828094e+02
   1.8072727e+02   1.6744033e+02
   1.8081818e+02   1.5547485e+02
   1.8090909e+02   1.6977520e+02
   1.8100000e+02   2.0101512e+02
   1.8090909e+02   2.0277534e+02
   1.8081818e+02   2.0680603e+02
   1.8072727e+02   1.8552376e+02
   1.8063636e+02   1.6607296e+02
   1.8054545e+02   1.3227373e+02
   1.8036364e+02   1.5562799e+02
   1.8018182e+02   1.8774186e+02
   1.8000000e+02   2.0787404e+02
   1.7972727e+02   2.1064092e+02
   1.7945455e+02   1.6770560e+02
   1.7918182e+02   1.4679727e+02
   1.7890909e+02   1.4311111e+02
   1.7854545e+02   1.7280008e+02
   1.7818182e+02   1.9275767e+02
   1.7781818e+02   2.2399500e+02
   1.7736364e+02   1.9761059e+02
   1.7690909e+02   1.7723633e+02
   1.7645455e+02   1.4899750e+02
   1.7590909e+02   1.2079814e+02
   1.7536364e+02   1.5926751e+02
   1.7481818e+02   2.0609253e+02
   1.7418182e+02   1.9775291e+02
   1.7363636e+02   1.9181968e+02
   1.7309091e+02   1.6169200e+02
   1.7254545e+02   1.5673585e+02
   1.7181818e+02   1.4138820e+02
   1.7118182e+02   1.6187721e+02
   1.7063636e+02   1.6523646e+02
   1.7009091e+02   1.7347512e+02
   1.6954545e+02   1.9706343e+02
   1.6909091e+02   1.7927480e+02
   1.6854545e+02   1.5254149e+02
   1.6809091e+02   1.6201130e+02
   1.6763636e+02   1.5590372e+02
   1.6718182e+02   1.7973506e+02
   1.6672727e+02   1.7288018e+02
   1.6645455e+02   1.7320752e+02
   1.6618182e+02   1.5755235e+02
   1.6590909e+02   1.4484006e+02
   1.6554545e+02   1.5814404e+02
   1.6527273e+02   1.7210935e+02
   1.6490909e+02   1.8712619e+02
   1.6463636e+02   1.7210662e+02
   1.6427273e+02   1.6273419e+02
   1.6390909e+02   1.6446732e+02
   1.6363636e+02   1.6944584e+02
   1.6336364e+02   1.7491946e+02
   1.6300000e+02   1.7292086e+02
   1.6263636e+02   1.6134147e+02
   1.6218182e+02   1.6422809e+02
   1.6181818e+02   1.2949532e+02
   1.6136364e+02   1.4278905e+02
   1.6100000e+02   1.7385640e+02
   1.6063636e+02   1.7386873e+02
   1.6036364e+02   1.8715646e+02
   1.6009091e+02   1.6845650e+02
   1.5981818e+02   1.5285624e+02
   1.5954545e+02   1.2885137e+02
   1.5936364e+02   1.5685854e+02
   1.5918182e+02   1.6494537e+02
   1.5909091e+02   1.8979979e+02
   1.5900000e+02   1.7697581e+02
   1.5900000e+02   1.7537801e+02
   1.5900000e+02   1.3370754e+02
   1.5900000e+02   1.1796708e+02
   1.5900000e+02   1.1789166e+02
   1.5900000e+02   1.5604333e+02
   1.5900000e+02   1.8479617e+02
   1.5900000e+02   1.9081629e+02
   1.5900000e+02   1.8972122e+02
   1.5890909e+02   1.5550252e+02
   1.5881818e+02   1.3747215e+02
   1.5872727e+02   1.4207818e+02
   1.5863636e+02   1.6903722e+02
   1.5854545e+02   1.7489916e+02
   1.5836364e+02   1.8419045e+02
   1.5818182e+02   1.6041655e+02
   1.5800000e+02   1.4682567e+02
   1.5781818e+02   1.4921522e+02
   1.5754545e+02   1.2411160e+02
   1.5727273e+02   1.5730373e+02
   1.5709091e+02   1.6174676e+02
   1.5690909e+02   1.8470923e+02
   1.5672727e+02   1.8147218e+02
   1.5645455e+02   1.5669966e+02
   1.5618182e+02   1.3714843e+02
   1.5600000e+02   1.3584540e+02
   1.5581818e+02   1.5394655e+02
   1.5563636e+02   1.5902973e+02
   1.5545455e+02   1.6012320e+02
   1.5527273e+02   1.2922101e+02
   1.5509091e+02   1.5419738e+02
   1.5490909e+02   1.4736820e+02
   1.5454545e+02   1.6326947e+02
   1.5409091e+02   1.6188774e+02
   1.5363636e+02   1.2448844e+02
   1.5318182e+02   1.4031094e+02
   1.5272727e+02   1.4647097e+02
   1.5218182e+02   1.5742115e+02
   1.5154545e+02   1.5618972e+02
   1.5090909e+02   1.7021649e+02
   1.5027273e+02   1.6335999e+02
   1.4963636e+02   1.5602611e+02
   1.4900000e+02   1.5330356e+02
   1.4845455e+02   1.1522488e+02
   1.4800000e+02   1.6332959e+02
   1.4763636e+02   1.6228844e+02
   1.4727273e+02   1.6651249e+02
   1.4690909e+02   1.6534691e+02
   1.4663636e+02   1.4874843e+02
   1.4645455e+02   1.2028888e+02
   1.4627273e+02   1.2206984e+02
   1.4618182e+02   1.4007287e+02
   1.4609091e+02   1.6511232e+02
   1.4600000e+02   1.6899574e+02
   1.4600000e+02   1.6576538e+02
   1.4600000e+02   1.4036536e+02
   1.4600000e+02   1.0893639e+02
   1.4600000e+02   1.1789460e+02
   1.4600000e+02   1.2996563e+02
   1.4600000e+02   1.5732561e+02
   1.4600000e+02   1.6574348e+02
   1.4600000e+02   1.7014818e+02
   1.4600000e+02   1.5110372e+02
   1.4600000e+02   1.2650364e+02
   1.4600000e+02   1.2670855e+02
   1.4600000e+02   1.2038269e+02
   1.4600000e+02   1.5997786e+02
   1.4600000e+02   1.7997078e+02
   1.4600000e+02   1.5389621e+02
   1.4600000e+02   1.4414508e+02
   1.4600000e+02   1.2305395e+02
   1.4600000e+02   1.1567309e+02
   1.4600000e+02   1.2055076e+02
   1.4600000e+02   1.4461030e+02
   1.4600000e+02   1.5808889e+02
   1.4600000e+02   1.4819695e+02
   1.4600000e+02   1.4862762e+02
   1.4600000e+02   1.4605367e+02
   1.4600000e+02   1.4633998e+02
   1.4600000e+02   1.5724463e+02
   1.4600000e+02   1.6206797e+02
   1.4600000e+02   1.7165128e+02
   1.4600000e+02   1.4903689e+02
   1.4600000e+02   1.2392578e+02
   1.4600000e+02   1.5124793e+02
   1.4600000e+02   1.6095434e+02
   1.4600000e+02   1.6762999e+02
   1.4600000e+02   1.6148118e+02
   1.4600000e+02   1.3078293e+02
   1.4600000e+02   1.2330598e+02
   1.4600000e+02   1.3280660e+02
   1.4600000e+02   1.4719562e+02
   1.4590909e+02   1.8775830e+02
   1.4581818e+02   1.5708257e+02
   1.4572727e+02   1.6337805e+02
   1.4563636e+02   1.4444537e+02
   1.4554545e+02   1.0810527e+02
   1.4545455e+02   1.2744010e+02
   1.4536364e+02   1.4447810e+02
   1.4536364e+02   1.6479108e+02
   1.4536364e+02   1.8093723e+02
   1.4536364e+02   1.7212378e+02
   1.4536364e+02   1.2131312e+02
   1.4545455e+02   1.1805958e+02
   1.4554545e+02   1.0965674e+02
   1.4563636e+02   1.3977711e+02
   1.4572727e+02   1.6265832e+02
   1.4581818e+02   1.6933910e+02
   1.4581818e+02   1.4876317e+02
   1.4581818e+02   1.2019845e+02
   1.4572727e+02   1.1299100e+02
   1.4563636e+02   1.0233056e+02
   1.4554545e+02   1.3549036e+02
   1.4545455e+02   1.6270566e+02
   1.4536364e+02   1.7058678e+02
   1.4527273e+02   1.5935033e+02
   1.4518182e+02   1.5053557e+02
   1.4509091e+02   1.2088039e+02
   1.4500000e+02   1.2617918e+02
   1.4500000e+02   1.5934273e+02
   1.4500000e+02   1.7064379e+02
   1.4500000e+02   1.6242928e+02
   1.4500000e+02   1.6637584e+02
   1.4500000e+02   1.6456920e+02
   1.4500000e+02   1.2617338e+02
   1.4500000e+02   1.4427199e+02
   1.4500000e+02   1.4258396e+02
   1.4500000e+02   1.4126221e+02
   1.4500000e+02   1.4652826e+02
   1.4500000e+02   1.4179058e+02
   1.4500000e+02   1.1859663e+02
   1.4500000e+02   1.2631462e+02
   1.4500000e+02   1.5185752e+02
   1.4500000e+02   1.5539971e+02
   1.4500000e+02   1.5405301e+02
   1.4500000e+02   1.3676433e+02
   1.4500000e+02   1.2623153e+02
   1.4500000e+02   1.4841590e+02
   1.4490909e+02   1.7949543e+02
   1.4481818e+02   1.8295490e+02
   1.4472727e+02   1.6157582e+02
   1.4463636e+02   1.5726045e+02
   1.4454545e+02   1.1973690e+02
   1.4445455e+02   1.2620141e+02
   1.4436364e+02   1.3719439e+02
   1.4427273e+02   1.6619242e+02
   1.4418182e+02   1.6121110e+02
   1.4409091e+02   1.6918645e+02
   1.4400000e+02   1.4799470e+02
   1.4400000e+02   1.2012376e+02
   1.4390909e+02   1.0075770e+02
   1.4381818e+02   1.2153958e+02
   1.4372727e+02   1.4413183e+02
   1.4363636e+02   1.7492630e+02
   1.4354545e+02   1.5871483e+02
   1.4345455e+02   1.4239239e+02
   1.4336364e+02   1.1410921e+02
   1.4327273e+02   1.2045409e+02
   1.4318182e+02   1.1940669e+02
   1.4309091e+02   1.6007050e+02
   1.4290909e+02   1.8260238e+02
   1.4281818e+02   1.8322255e+02
   1.4272727e+02   1.2572196e+02
   1.4263636e+02   1.2240267e+02
   1.4254545e+02   1.1254896e+02
   1.4245455e+02   1.4307649e+02
   1.4236364e+02   1.6113886e+02
   1.4218182e+02   1.6419950e+02
   1.4200000e+02   1.6705580e+02
   1.4181818e+02   1.4782450e+02
   1.4163636e+02   1.0263597e+02
   1.4154545e+02   1.1568066e+02
   1.4145455e+02   1.2537009e+02
   1.4127273e+02   1.3468094e+02
   1.4109091e+02   1.3260430e+02
   1.4090909e+02   1.5439724e+02
   1.4072727e+02   1.2910576e+02
   1.4054545e+02   1.4269819e+02
   1.4045455e+02   1.2740182e+02
   1.4036364e+02   1.5095281e+02
   1.4027273e+02   1.5229934e+02
   1.4009091e+02   1.4276214e+02
   1.3990909e+02   1.2002669e+02
   1.3972727e+02   1.2885945e+02
   1.3963636e+02   1.3199907e+02
   1.3954545e+02   1.4361296e+02
   1.3945455e+02   1.5089055e+02
   1.3936364e+02   1.3097342e+02
   1.3927273e+02   1.3317903e+02
   1.3909091e+02   1.1825322e+02
   1.3890909e+02   1.1399270e+02
   1.3872727e+02   1.5075493e+02
   1.3863636e+02   1.4573498e+02
   1.3854545e+02   1.5724665e+02
   1.3845455e+02   1.5508337e+02
   1.3836364e+02   1.2378621e+02
   1.3827273e+02   8.1550049e+01
   1.3818182e+02   1.0547221e+02
   1.3809091e+02   1.3387403e+02
   1.3800000e+02   1.5401586e+02
   1.3800000e+02   1.5389212e+02
   1.3790909e+02   1.5281481e+02
   1.3781818e+02   1.2521683e+02
   1.3772727e+02   1.1409316e+02
   1.3763636e+02   1.1283541e+02
   1.3754545e+02   1.4931856e+02
   1.3745455e+02   1.6318716e+02
   1.3736364e+02   1.5111079e+02
   1.3727273e+02   1.3925260e+02
   1.3709091e+02   1.1637499e+02
   1.3690909e+02   9.6734244e+01
   1.3672727e+02   1.1652296e+02
   1.3663636e+02   1.2292538e+02
   1.3654545e+02   1.5059447e+02
   1.3645455e+02   1.6862512e+02
   1.3636364e+02   1.4814276e+02
   1.3618182e+02   1.1628931e+02
   1.3600000e+02   1.0592479e+02
   1.3581818e+02   1.1282825e+02
   1.3563636e+02   1.4523848e+02
   1.3554545e+02   1.5275313e+02
   1.3545455e+02   1.5777184e+02
   1.3536364e+02   1.4337824e+02
   1.3527273e+02   1.5004692e+02
   1.3518182e+02   1.2667651e+02
   1.3509091e+02   1.1420825e+02
   1.3500000e+02   1.1920657e+02
   1.3500000e+02   1.3969309e+02
   1.3490909e+02   1.3682220e+02
   1.3481818e+02   1.1947549e+02
   1.3472727e+02   1.2376951e+02
   1.3463636e+02   1.1941491e+02
   1.3454545e+02   1.4616413e+02
   1.3445455e+02   1.6341534e+02
   1.3436364e+02   1.4735971e+02
   1.3427273e+02   1.2542883e+02
   1.3418182e+02   1.2980713e+02
   1.3409091e+02   1.3530689e+02
   1.3400000e+02   1.2403814e+02
   1.3400000e+02   1.5292348e+02
   1.3400000e+02   1.4526129e+02
   1.3400000e+02   1.4257807e+02
   1.3400000e+02   1.1108554e+02
   1.3400000e+02   1.2019062e+02
   1.3400000e+02   1.1102528e+02
   1.3390909e+02   1.7328338e+02
   1.3381818e+02   1.8125410e+02
   1.3372727e+02   1.5756503e+02
   1.3363636e+02   1.3442652e+02
   1.3354545e+02   1.0210686e+02
   1.3345455e+02   9.0910512e+01
   1.3336364e+02   1.1598111e+02
   1.3327273e+02   1.5694542e+02
   1.3318182e+02   1.7463386e+02
   1.3309091e+02   1.8113373e+02
   1.3300000e+02   1.2962301e+02
   1.3300000e+02   1.0572241e+02
   1.3300000e+02   7.0338426e+01
   1.3290909e+02   1.1849630e+02
   1.3281818e+02   1.4559684e+02
   1.3272727e+02   1.6769381e+02
   1.3263636e+02   1.5674064e+02
   1.3254545e+02   1.2237397e+02
   1.3245455e+02   1.0965794e+02
   1.3236364e+02   1.2061098e+02
   1.3227273e+02   1.0928377e+02
   1.3218182e+02   1.3703173e+02
   1.3209091e+02   1.4158925e+02
   1.3200000e+02   1.6284721e+02
   1.3200000e+02   1.3901552e+02
   1.3200000e+02   1.1859181e+02
   1.3200000e+02   1.1065867e+02
   1.3200000e+02   1.4052668e+02
   1.3200000e+02   1.4500453e+02
   1.3200000e+02   1.4272622e+02
   1.3200000e+02   1.3782402e+02
   1.3200000e+02   1.4112491e+02
   1.3200000e+02   1.2637568e+02
   1.3200000e+02   1.2936215e+02
   1.3200000e+02   1.4033791e+02
   1.3200000e+02   1.3224185e+02
   1.3200000e+02   1.1994558e+02
   1.3200000e+02   1.2857941e+02
   1.3200000e+02   1.0419212e+02
   1.3200000e+02   1.2284784e+02
   1.3200000e+02   1.4921939e+02
   1.3200000e+02   1.3972974e+02
   1.3200000e+02   1.3825489e+02
   1.3200000e+02   1.2304144e+02
   1.3200000e+02   1.1272724e+02
   1.3200000e+02   1.1681725e+02
   1.3200000e+02   1.3299107e+02
   1.3200000e+02   1.3146371e+02
   1.3200000e+02   1.6593094e+02
   1.3200000e+02   1.3231892e+02
   1.3200000e+02   1.2110963e+02
   1.3209091e+02   1.0857442e+02
   1.3218182e+02   9.5966552e+01
   1.3227273e+02   1.4307801e+02
   1.3236364e+02   1.6454771e+02
   1.3245455e+02   1.6427802e+02
   1.3254545e+02   1.4688083e+02
   1.3263636e+02   1.3282978e+02
   1.3272727e+02   1.0609402e+02
   1.3290909e+02   1.0686228e+02
   1.3309091e+02   1.5921772e+02
   1.3327273e+02   1.6490121e+02
   1.3336364e+02   1.7824966e+02
   1.3345455e+02   1.5342894e+02
   1.3354545e+02   1.3531136e+02
   1.3363636e+02   9.6635898e+01
   1.3372727e+02   1.0028761e+02
   1.3390909e+02   1.2733372e+02
   1.3409091e+02   1.4428148e+02
   1.3427273e+02   1.7919007e+02
   1.3436364e+02   1.4139388e+02
   1.3445455e+02   1.3013483e+02
   1.3463636e+02   1.2031918e+02
   1.3481818e+02   1.2440909e+02
   1.3500000e+02   1.3754437e+02
   1.3518182e+02   1.4186068e+02
   1.3536364e+02   1.5132555e+02
   1.3554545e+02   1.5015748e+02
   1.3563636e+02   1.2157169e+02
   1.3572727e+02   1.1210952e+02
   1.3590909e+02   1.2498183e+02
   1.3609091e+02   1.4428014e+02
   1.3627273e+02   1.3819216e+02
   1.3636364e+02   1.4228363e+02
   1.3645455e+02   1.1343476e+02
   1.3654545e+02   1.2513515e+02
   1.3663636e+02   1.2693594e+02
   1.3672727e+02   1.3318008e+02
   1.3690909e+02   1.5537748e+02
   1.3709091e+02   1.5269621e+02
   1.3727273e+02   1.1002608e+02
   1.3736364e+02   1.2946200e+02
   1.3745455e+02   1.2502562e+02
   1.3754545e+02   1.4350737e+02
   1.3763636e+02   1.5796376e+02
   1.3781818e+02   1.6619547e+02
   1.3800000e+02   1.3739349e+02
   1.3818182e+02   1.1242801e+02
   1.3836364e+02   1.2234026e+02
   1.3845455e+02   1.4156144e+02
   1.3854545e+02   1.5582731e+02
   1.3863636e+02   1.9038014e+02
   1.3872727e+02   1.6115911e+02
   1.3890909e+02   1.2832517e+02
   1.3909091e+02   1.1347090e+02
   1.3927273e+02   9.6630082e+01
   1.3936364e+02   1.1985026e+02
   1.3945455e+02   1.4546037e+02
   1.3954545e+02   1.9143425e+02
   1.3963636e+02   1.6936333e+02
   1.3972727e+02   1.4148240e+02
   1.3981818e+02   1.2263681e+02
   1.3990909e+02   1.1430348e+02
   1.4000000e+02   1.1985916e+02
   1.4000000e+02   1.3497413e+02
   1.4000000e+02   1.5271218e+02
   1.4000000e+02   1.6314084e+02
   1.4000000e+02   1.5979497e+02
   1.4000000e+02   1.2532266e+02
   1.4000000e+02   1.1725158e+02
   1.4009091e+02   1.4311755e+02
   1.4018182e+02   1.4914304e+02
   1.4027273e+02   1.5913777e+02
   1.4036364e+02   1.7381606e+02
   1.4045455e+02   1.3991064e+02
   1.4054545e+02   1.4806301e+02
   1.4063636e+02   1.3059214e+02
   1.4072727e+02   1.2634048e+02
   1.4081818e+02   1.4450224e+02
   1.4090909e+02   1.6214065e+02
   1.4100000e+02   1.5795201e+02
   1.4100000e+02   1.5361130e+02
   1.4100000e+02   1.3628840e+02
   1.4100000e+02   1.2707947e+02
   1.4109091e+02   1.4027682e+02
   1.4118182e+02   1.3458453e+02
   1.4127273e+02   1.4603930e+02
   1.4136364e+02   1.4041062e+02
   1.4154545e+02   1.3358228e+02
   1.4172727e+02   1.3584901e+02
   1.4190909e+02   1.6038019e+02
   1.4209091e+02   1.6131838e+02
   1.4227273e+02   1.4344822e+02
   1.4245455e+02   1.1672335e+02
   1.4263636e+02   1.3069058e+02
   1.4272727e+02   1.3451818e+02
   1.4290909e+02   1.4718215e+02
   1.4309091e+02   1.6967667e+02
   1.4327273e+02   1.7581376e+02
   1.4336364e+02   1.5247003e+02
   1.4345455e+02   1.4648740e+02
   1.4354545e+02   1.2053701e+02
   1.4372727e+02   1.1367742e+02
   1.4390909e+02   1.3587611e+02
   1.4409091e+02   1.8261240e+02
   1.4427273e+02   1.6929666e+02
   1.4445455e+02   1.4806829e+02
   1.4454545e+02   1.3920232e+02
   1.4463636e+02   1.1530599e+02
   1.4472727e+02   1.4050443e+02
   1.4490909e+02   1.4489333e+02
   1.4509091e+02   1.7533267e+02
   1.4527273e+02   1.7910171e+02
   1.4536364e+02   1.6425464e+02
   1.4545455e+02   1.2069341e+02
   1.4554545e+02   1.2026754e+02
   1.4563636e+02   1.3070481e+02
   1.4572727e+02   1.4324818e+02
   1.4581818e+02   1.6748803e+02
   1.4590909e+02   1.7958711e+02
   1.4600000e+02   1.3810646e+02
   1.4600000e+02   1.4478794e+02
   1.4600000e+02   1.2512964e+02
   1.4600000e+02   1.2979019e+02
   1.4600000e+02   1.5422434e+02
   1.4600000e+02   1.6109517e+02
   1.4600000e+02   1.7625304e+02
   1.4600000e+02   1.4346340e+02
   1.4600000e+02   1.3473976e+02
   1.4600000e+02   1.4087927e+02
   1.4600000e+02   1.3838325e+02
   1.4600000e+02   1.4983863e+02
   1.4600000e+02   1.3833819e+02
   1.4600000e+02   1.5862353e+02
   1.4600000e+02   1.5525349e+02
   1.4590909e+02   1.1664297e+02
   1.4581818e+02   1.4459564e+02
   1.4572727e+02   1.4297931e+02
   1.4563636e+02   1.4425667e+02
   1.4554545e+02   1.5262563e+02
   1.4536364e+02   1.4683120e+02
   1.4518182e+02   1.2658140e+02
   1.4490909e+02   1.3279201e+02
   1.4463636e+02   1.7088843e+02
   1.4427273e+02   1.6600480e+02
   1.4390909e+02   1.6524450e+02
   1.4354545e+02   1.3945283e+02
   1.4318182e+02   1.2402586e+02
   1.4263636e+02   1.0198930e+02
   1.4209091e+02   1.3326879e+02
   1.4154545e+02   1.4657079e+02
   1.4100000e+02   1.6886321e+02
   1.4045455e+02   1.6548129e+02
   1.4000000e+02   1.5852912e+02
   1.3945455e+02   1.0973390e+02
   1.3900000e+02   1.1201657e+02
   1.3836364e+02   1.1676265e+02
   1.3781818e+02   1.5699813e+02
   1.3718182e+02   2.0193417e+02
   1.3672727e+02   1.6356913e+02
   1.3618182e+02   1.3028845e+02
   1.3563636e+02   1.1592366e+02
   1.3509091e+02   1.0727435e+02
   1.3454545e+02   1.0667393e+02
   1.3390909e+02   1.3681067e+02
   1.3336364e+02   1.5797736e+02
   1.3272727e+02   1.6142844e+02
   1.3227273e+02   1.3592979e+02
   1.3172727e+02   1.0420431e+02
   1.3127273e+02   1.1078242e+02
   1.3072727e+02   1.1716938e+02
   1.3027273e+02   1.3542801e+02
   1.2972727e+02   1.6194397e+02
   1.2927273e+02   1.3532152e+02
   1.2872727e+02   1.3546239e+02
   1.2827273e+02   1.1223077e+02
   1.2772727e+02   1.1274895e+02
   1.2727273e+02   1.0515514e+02
   1.2672727e+02   1.3955547e+02
   1.2627273e+02   1.3590343e+02
   1.2581818e+02   1.2980665e+02
   1.2545455e+02   1.2327637e+02
   1.2500000e+02   1.2471792e+02
   1.2463636e+02   1.4228467e+02
   1.2418182e+02   1.3175780e+02
   1.2381818e+02   1.3330259e+02
   1.2345455e+02   1.1911790e+02
   1.2318182e+02   1.2121859e+02
   1.2281818e+02   1.0416313e+02
   1.2254545e+02   1.2012095e+02
   1.2227273e+02   1.3657285e+02
   1.2200000e+02   1.3833248e+02
   1.2172727e+02   1.3946228e+02
   1.2145455e+02   1.0980674e+02
   1.2118182e+02   1.0885743e+02
   1.2090909e+02   1.0670122e+02
   1.2063636e+02   1.0938851e+02
   1.2036364e+02   1.3397712e+02
   1.2009091e+02   1.5763947e+02
   1.1981818e+02   1.1396928e+02
   1.1954545e+02   1.0867450e+02
   1.1927273e+02   8.2965587e+01
   1.1900000e+02   8.1527214e+01
   1.1872727e+02   1.1525930e+02
   1.1845455e+02   1.5681719e+02
   1.1818182e+02   1.5235866e+02
   1.1800000e+02   1.3922695e+02
   1.1781818e+02   9.6180975e+01
   1.1763636e+02   8.1114032e+01
   1.1745455e+02   9.4539635e+01
   1.1736364e+02   1.0946106e+02
   1.1727273e+02   1.4050077e+02
   1.1709091e+02   1.5628891e+02
   1.1690909e+02   1.5139483e+02
   1.1672727e+02   9.6008487e+01
   1.1663636e+02   8.8012045e+01
   1.1654545e+02   7.7350344e+01
   1.1645455e+02   1.2005721e+02
   1.1636364e+02   1.3996696e+02
   1.1627273e+02   1.3072737e+02
   1.1618182e+02   1.3479020e+02
   1.1609091e+02   1.1500032e+02
   1.1600000e+02   8.5312064e+01
   1.1600000e+02   8.7447922e+01
   1.1600000e+02   1.0411651e+02
   1.1600000e+02   1.2133423e+02
   1.1590909e+02   1.3644485e+02
   1.1581818e+02   1.2982311e+02
   1.1572727e+02   1.0366782e+02
   1.1563636e+02   1.0984467e+02
   1.1554545e+02   1.0000053e+02
   1.1545455e+02   1.3442065e+02
   1.1536364e+02   1.0149835e+02
   1.1527273e+02   1.2038854e+02
   1.1518182e+02   1.2289786e+02
   1.1509091e+02   1.1499478e+02
   1.1500000e+02   1.1017391e+02
   1.1490909e+02   1.1875560e+02
   1.1481818e+02   1.4261274e+02
   1.1472727e+02   1.0762405e+02
   1.1463636e+02   1.1750286e+02
   1.1454545e+02   1.1668807e+02
   1.1436364e+02   1.0023300e+02
   1.1418182e+02   1.3479741e+02
   1.1400000e+02   1.3651742e+02
   1.1381818e+02   1.1557299e+02
   1.1363636e+02   1.1129794e+02
   1.1345455e+02   9.1026924e+01
   1.1336364e+02   9.7314871e+01
   1.1318182e+02   1.1522399e+02
   1.1300000e+02   1.3359121e+02
   1.1272727e+02   1.2893604e+02
   1.1245455e+02   1.2396405e+02
   1.1227273e+02   1.2758662e+02
   1.1209091e+02   9.0262521e+01
   1.1190909e+02   8.0901657e+01
   1.1163636e+02   1.1467184e+02
   1.1136364e+02   1.4832512e+02
   1.1109091e+02   1.3482759e+02
   1.1081818e+02   1.3704660e+02
   1.1063636e+02   1.1335801e+02
   1.1036364e+02   8.4016316e+01
   1.1018182e+02   7.4926577e+01
   1.1000000e+02   9.8655907e+01
   1.0981818e+02   1.3029938e+02
   1.0954545e+02   1.1809617e+02
   1.0927273e+02   1.3152476e+02
   1.0909091e+02   1.1125887e+02
   1.0881818e+02   8.4866441e+01
   1.0854545e+02   8.0169382e+01
   1.0827273e+02   1.0040224e+02
   1.0800000e+02   1.1348895e+02
   1.0781818e+02   1.3513347e+02
   1.0754545e+02   1.1206767e+02
   1.0727273e+02   9.9062218e+01
   1.0700000e+02   9.1333854e+01
   1.0672727e+02   8.5611331e+01
   1.0645455e+02   9.1264264e+01
   1.0618182e+02   1.0066731e+02
   1.0600000e+02   1.2672729e+02
   1.0581818e+02   1.1660490e+02
   1.0554545e+02   1.2023248e+02
   1.0527273e+02   1.0373438e+02
   1.0500000e+02   9.0949573e+01
   1.0481818e+02   8.3583474e+01
   1.0463636e+02   1.1514781e+02
   1.0436364e+02   9.9445589e+01
   1.0418182e+02   1.0947830e+02
   1.0390909e+02   1.0786119e+02
   1.0363636e+02   1.0091998e+02
   1.0336364e+02   1.1009653e+02
   1.0300000e+02   1.1253241e+02
   1.0272727e+02   1.2334889e+02
   1.0245455e+02   9.3798787e+01
   1.0209091e+02   7.5514713e+01
   1.0172727e+02   7.9935069e+01
   1.0136364e+02   1.2218003e+02
   1.0109091e+02   1.2819107e+02
   1.0072727e+02   1.3311335e+02
   1.0045455e+02   1.1072607e+02
   1.0018182e+02   9.0526788e+01
   9.9909091e+01   7.4557192e+01
   9.9727273e+01   7.4436557e+01
   9.9545455e+01   1.2109366e+02
   9.9363636e+01   1.2637848e+02
   9.9363636e+01   1.2192331e+02
   9.9363636e+01   1.0705237e+02
   9.9363636e+01   9.5260849e+01
   9.9363636e+01   7.0972371e+01
   9.9454545e+01   8.0639658e+01
   9.9636364e+01   9.6448914e+01
   9.9818182e+01   1.2629698e+02
   1.0000000e+02   1.1327894e+02
   1.0018182e+02   1.2680468e+02
   1.0036364e+02   9.0222298e+01
   1.0054545e+02   6.5833940e+01
   1.0072727e+02   8.8467373e+01
   1.0090909e+02   9.7005707e+01
   1.0109091e+02   1.2508597e+02
   1.0136364e+02   1.2555248e+02
   1.0163636e+02   1.1209961e+02
   1.0181818e+02   9.5760126e+01
   1.0209091e+02   7.5645875e+01
   1.0236364e+02   6.1827778e+01
   1.0263636e+02   9.0663741e+01
   1.0290909e+02   1.5035417e+02
   1.0327273e+02   1.2326113e+02
   1.0354545e+02   1.1593292e+02
   1.0381818e+02   9.6122080e+01
   1.0409091e+02   7.5441719e+01
   1.0427273e+02   9.8906622e+01
   1.0445455e+02   7.9428912e+01
   1.0472727e+02   1.0093709e+02
   1.0490909e+02   1.0055456e+02
   1.0509091e+02   1.0201494e+02
   1.0527273e+02   1.1256978e+02
   1.0545455e+02   1.1358003e+02
   1.0554545e+02   1.0359365e+02
   1.0563636e+02   1.0164960e+02
   1.0590909e+02   9.8582245e+01
   1.0618182e+02   8.9919858e+01
   1.0645455e+02   1.0194934e+02
   1.0672727e+02   9.1265002e+01
   1.0690909e+02   1.2496804e+02
   1.0709091e+02   1.2258123e+02
   1.0727273e+02   1.0790897e+02
   1.0754545e+02   1.0927298e+02
   1.0781818e+02   9.5902466e+01
   1.0809091e+02   7.6749484e+01
   1.0836364e+02   1.0408090e+02
   1.0845455e+02   1.2954122e+02
   1.0854545e+02   1.4297620e+02
   1.0863636e+02   1.2584783e+02
   1.0872727e+02   1.0573911e+02
   1.0881818e+02   8.4869499e+01
   1.0890909e+02   7.2232008e+01
   1.0918182e+02   8.4189459e+01
   1.0936364e+02   1.2173459e+02
   1.0954545e+02   1.2760525e+02
   1.0972727e+02   1.3343476e+02
   1.0990909e+02   9.3346396e+01
   1.1009091e+02   1.0127816e+02
   1.1027273e+02   8.8371323e+01
   1.1045455e+02   8.4817768e+01
   1.1063636e+02   1.4662026e+02
   1.1100000e+02   1.5929504e+02
   1.1136364e+02   1.4359028e+02
   1.1154545e+02   8.8515595e+01
   1.1172727e+02   7.4906903e+01
   1.1190909e+02   7.7893174e+01
   1.1209091e+02   9.5569567e+01
   1.1227273e+02   1.0846457e+02
   1.1245455e+02   1.4767639e+02
   1.1281818e+02   1.2274982e+02
   1.1318182e+02   1.1344560e+02
   1.1354545e+02   8.9139862e+01
   1.1372727e+02   9.3909168e+01
   1.1390909e+02   1.1996463e+02
   1.1409091e+02   1.0356411e+02
   1.1427273e+02   1.1509704e+02
   1.1445455e+02   1.1696405e+02
   1.1481818e+02   1.1734170e+02
   1.1518182e+02   9.8637184e+01
   1.1554545e+02   1.0597106e+02
   1.1572727e+02   1.2612885e+02
   1.1590909e+02   1.0529412e+02
   1.1609091e+02   1.2957677e+02
   1.1645455e+02   1.1732423e+02
   1.1681818e+02   1.1401154e+02
   1.1718182e+02   1.1469695e+02
   1.1754545e+02   1.1830892e+02
   1.1790909e+02   1.1266016e+02
   1.1809091e+02   1.3046975e+02
   1.1827273e+02   1.1343742e+02
   1.1863636e+02   1.0701154e+02
   1.1900000e+02   9.8189105e+01
   1.1936364e+02   1.3578580e+02
   1.1972727e+02   1.3992224e+02
   1.1990909e+02   1.4490546e+02
   1.2009091e+02   1.2801020e+02
   1.2027273e+02   9.9740604e+01
   1.2045455e+02   9.7451664e+01
   1.2063636e+02   1.1666090e+02
   1.2081818e+02   1.2825091e+02
   1.2100000e+02   1.5285778e+02
   1.2118182e+02   1.4011694e+02
   1.2136364e+02   1.2408739e+02
   1.2154545e+02   1.0997270e+02
   1.2172727e+02   8.6425981e+01
   1.2190909e+02   1.0853223e+02
   1.2209091e+02   1.3029836e+02
   1.2227273e+02   1.3510436e+02
   1.2245455e+02   1.6519443e+02
   1.2290909e+02   1.4977538e+02
   1.2336364e+02   1.3022819e+02
   1.2381818e+02   9.1913448e+01
   1.2409091e+02   9.6134176e+01
   1.2436364e+02   1.1108816e+02
   1.2463636e+02   1.4156821e+02
   1.2490909e+02   1.4188776e+02
   1.2518182e+02   1.4100595e+02
   1.2545455e+02   1.1090850e+02
   1.2572727e+02   8.9261438e+01
   1.2600000e+02   1.0407803e+02
   1.2627273e+02   1.1853251e+02
   1.2654545e+02   1.5435273e+02
   1.2681818e+02   1.6822993e+02
   1.2709091e+02   1.3676688e+02
   1.2736364e+02   1.2307020e+02
   1.2763636e+02   9.1443470e+01
   1.2790909e+02   1.3187182e+02
   1.2836364e+02   1.2720071e+02
   1.2881818e+02   1.4392915e+02
   1.2927273e+02   1.3239410e+02
   1.2972727e+02   1.3273821e+02
   1.2990909e+02   1.2622204e+02
   1.3009091e+02   1.2631057e+02
   1.3027273e+02   1.2570118e+02
   1.3045455e+02   1.3619493e+02
   1.3063636e+02   1.1268466e+02
   1.3081818e+02   1.1655475e+02
   1.3100000e+02   1.2385494e+02
   1.3127273e+02   1.2233390e+02
   1.3154545e+02   1.3965222e+02
   1.3181818e+02   1.6111607e+02
   1.3209091e+02   1.3235349e+02
   1.3236364e+02   1.1411667e+02
   1.3263636e+02   1.0803306e+02
   1.3290909e+02   1.1161873e+02
   1.3318182e+02   1.2404036e+02
   1.3345455e+02   1.4157519e+02
   1.3372727e+02   1.6771702e+02
   1.3427273e+02   1.7314694e+02
   1.3454545e+02   1.2036513e+02
   1.3481818e+02   1.0038774e+02
   1.3509091e+02   8.5240093e+01
   1.3536364e+02   1.1873219e+02
   1.3563636e+02   1.6014540e+02
   1.3590909e+02   1.6594419e+02
   1.3618182e+02   1.7581653e+02
   1.3645455e+02   1.3699991e+02
   1.3672727e+02   1.0894973e+02
   1.3700000e+02   1.1776239e+02
   1.3700000e+02   1.2748804e+02
   1.3727273e+02   1.5821046e+02
   1.3754545e+02   1.8540212e+02
   1.3781818e+02   1.5170230e+02
   1.3809091e+02   1.3082231e+02
   1.3836364e+02   1.1372467e+02
   1.3863636e+02   1.0270462e+02
   1.3890909e+02   1.1928180e+02
   1.3918182e+02   1.5265601e+02
   1.3945455e+02   1.5465253e+02
   1.3972727e+02   1.6435327e+02
   1.4000000e+02   1.4479582e+02
   1.4000000e+02   1.1690584e+02
   1.4000000e+02   1.2215651e+02
   1.4000000e+02   1.3119928e+02
   1.4018182e+02   1.2258586e+02
   1.4036364e+02   1.5252670e+02
   1.4054545e+02   1.3803876e+02
   1.4072727e+02   1.4064880e+02
   1.4090909e+02   1.2732244e+02
   1.4109091e+02   1.3954155e+02
   1.4127273e+02   1.5151516e+02
   1.4145455e+02   1.6137463e+02
   1.4163636e+02   1.4673274e+02
   1.4181818e+02   1.1703383e+02
   1.4200000e+02   1.4488821e+02
   1.4200000e+02   1.4830296e+02
   1.4200000e+02   1.5603793e+02
   1.4200000e+02   1.8365111e+02
   1.4227273e+02   1.4420214e+02
   1.4254545e+02   1.5558020e+02
   1.4281818e+02   1.1005874e+02
   1.4309091e+02   1.2303757e+02
   1.4336364e+02   1.3213770e+02
   1.4363636e+02   1.7134997e+02
   1.4390909e+02   1.7653532e+02
   1.4418182e+02   1.4464215e+02
   1.4445455e+02   1.1864902e+02
   1.4472727e+02   8.8624582e+01
   1.4500000e+02   1.1531305e+02
   1.4500000e+02   1.3632046e+02
   1.4500000e+02   1.7547563e+02
   1.4500000e+02   1.9230647e+02
   1.4500000e+02   1.3388560e+02
   1.4500000e+02   1.1239957e+02
   1.4500000e+02   1.1012351e+02
   1.4500000e+02   1.2402842e+02
   1.4500000e+02   1.5678441e+02
   1.4500000e+02   1.8508856e+02
   1.4500000e+02   1.7570354e+02
   1.4500000e+02   1.5743543e+02
   1.4500000e+02   1.1994355e+02
   1.4500000e+02   1.1958755e+02
   1.4500000e+02   1.3080949e+02
   1.4581818e+02   1.3194437e+02
   1.4663636e+02   1.7112360e+02
   1.4745455e+02   1.7601735e+02
   1.4827273e+02   1.6539136e+02
   1.4909091e+02   1.5244043e+02
   1.4990909e+02   1.3971718e+02
   1.5072727e+02   1.3867071e+02
   1.5154545e+02   1.4735176e+02
   1.5236364e+02   1.6125241e+02
   1.5318182e+02   1.5576740e+02
   1.5400000e+02   1.7019378e+02
   1.5400000e+02   1.3649734e+02
   1.5400000e+02   1.2453933e+02
   1.5400000e+02   1.4092663e+02
   1.5400000e+02   1.6930865e+02
   1.5427273e+02   1.6914984e+02
   1.5454545e+02   1.5145424e+02
   1.5481818e+02   1.5896817e+02
   1.5509091e+02   1.5426087e+02
   1.5536364e+02   1.6301019e+02
   1.5563636e+02   1.6284424e+02
   1.5590909e+02   1.8283010e+02
   1.5618182e+02   1.6659652e+02
   1.5645455e+02   1.1844837e+02
   1.5672727e+02   1.3328468e+02
   1.5700000e+02   1.4972981e+02
   1.5700000e+02   1.6858719e+02
   1.5700000e+02   1.7727848e+02
   1.5700000e+02   1.7185166e+02
   1.5700000e+02   1.5403652e+02
   1.5700000e+02   1.2535577e+02
   1.5727273e+02   1.5734516e+02
   1.5754545e+02   1.4337093e+02
   1.5781818e+02   1.9802302e+02
   1.5809091e+02   1.7761933e+02
   1.5836364e+02   1.7409983e+02
   1.5863636e+02   1.4739738e+02
   1.5890909e+02   1.2858604e+02
   1.5918182e+02   1.3223670e+02
   1.5945455e+02   1.5345962e+02
   1.5972727e+02   1.6926991e+02
   1.6000000e+02   1.9160100e+02
   1.6000000e+02   1.7804955e+02
   1.6000000e+02   1.6768744e+02
   1.6000000e+02   1.2148972e+02
   1.6027273e+02   1.4655498e+02
   1.6054545e+02   1.3370177e+02
   1.6081818e+02   1.8169254e+02
   1.6109091e+02   1.8293350e+02
   1.6136364e+02   1.8252747e+02
   1.6163636e+02   1.5476209e+02
   1.6190909e+02   1.5335891e+02
   1.6218182e+02   1.2687273e+02
   1.6245455e+02   1.5088142e+02
   1.6272727e+02   1.5853172e+02
   1.6300000e+02   1.7834387e+02
   1.6300000e+02   1.8946560e+02
   1.6336364e+02   1.6516325e+02
   1.6372727e+02   1.5943898e+02
   1.6409091e+02   1.5799218e+02
   1.6445455e+02   1.5070062e+02
   1.6481818e+02   1.5769601e+02
   1.6518182e+02   1.8624790e+02
   1.6554545e+02   1.7793012e+02
   1.6590909e+02   1.6205189e+02
   1.6627273e+02   1.5408102e+02
   1.6663636e+02   1.5367570e+02
   1.6700000e+02   1.7520612e+02
   1.6700000e+02   1.8945936e+02
   1.6727273e+02   1.6826226e+02
   1.6754545e+02   1.7368494e+02
   1.6781818e+02   1.7659826e+02
   1.6809091e+02   1.7754781e+02
   1.6836364e+02   1.9641498e+02
   1.6863636e+02   1.8182989e+02
   1.6890909e+02   1.6264513e+02
   1.6918182e+02   1.4934618e+02
   1.6945455e+02   1.5156860e+02
   1.6972727e+02   1.3943636e+02
   1.7000000e+02   1.6763529e+02
   1.7000000e+02   2.0151435e+02
   1.7000000e+02   1.8575772e+02
   1.7027273e+02   1.8439692e+02
   1.7054545e+02   1.6364372e+02
   1.7081818e+02   1.6373370e+02
   1.7109091e+02   1.4691852e+02
   1.7136364e+02   1.8435197e+02
   1.7163636e+02   1.8715428e+02
   1.7190909e+02   1.9804557e+02
   1.7218182e+02   1.9306806e+02
   1.7245455e+02   1.5922203e+02
   1.7272727e+02   1.3002673e+02
   1.7300000e+02   1.5191506e+02
   1.7300000e+02   1.6551738e+02
   1.7300000e+02   2.0812832e+02
   1.7300000e+02   2.0433554e+02
   1.7300000e+02   1.8922002e+02
   1.7300000e+02   1.6101043e+02
   1.7300000e+02   1.5569052e+02
   1.7327273e+02   1.3621399e+02
   1.7354545e+02   1.7522998e+02
   1.7381818e+02   1.8027208e+02
   1.7409091e+02   2.0129593e+02
   1.7436364e+02   1.9565168e+02
   1.7463636e+02   1.5286144e+02
   1.7490909e+02   1.4411729e+02
   1.7518182e+02   1.6470408e+02
   1.7545455e+02   1.9513914e+02
   1.7572727e+02   1.9520555e+02
   1.7600000e+02   2.1274814e+02
   1.7600000e+02   1.7911434e+02
   1.7600000e+02   1.6140783e+02
   1.7600000e+02   1.5713035e+02
   1.7600000e+02   1.5152275e+02
   1.7600000e+02   1.7225888e+02
   1.7600000e+02   1.8136522e+02
   1.7627273e+02   1.9176754e+02
   1.7654545e+02   1.7533213e+02
   1.7681818e+02   1.9505832e+02
   1.7709091e+02   1.7992703e+02
   1.7736364e+02   1.8663023e+02
   1.7763636e+02   1.8664463e+02
   1.7790909e+02   1.7517521e+02
   1.7818182e+02   1.6625128e+02
   1.7845455e+02   1.5983677e+02
   1.7872727e+02   1.5714500e+02
   1.7900000e+02   1.9497595e+02
   1.7900000e+02   2.0103223e+02
   1.7900000e+02   1.9893616e+02
   1.7900000e+02   1.6971203e+02
   1.7900000e+02   1.7023835e+02
   1.7927273e+02   1.5282106e+02
   1.7954545e+02   1.7288391e+02
   1.7981818e+02   2.0309766e+02
   1.8009091e+02   2.0874474e+02
   1.8036364e+02   1.9885037e+02
   1.8063636e+02   1.8005871e+02
   1.8090909e+02   1.6900784e+02
   1.8118182e+02   1.3119888e+02
   1.8145455e+02   1.6781889e+02
   1.8172727e+02   2.0115585e+02
   1.8200000e+02   2.2361756e+02
   1.8200000e+02   2.0936938e+02
   1.8200000e+02   1.8119634e+02
   1.8200000e+02   1.4467766e+02
   1.8200000e+02   1.5128554e+02
   1.8227273e+02   1.7310532e+02
   1.8254545e+02   1.9225675e+02
   1.8281818e+02   1.9936802e+02
   1.8309091e+02   2.1146992e+02
   1.8336364e+02   1.8646995e+02
   1.8363636e+02   1.6270347e+02
   1.8390909e+02   1.7389922e+02
   1.8418182e+02   1.6867001e+02
   1.8445455e+02   1.8925792e+02
   1.8472727e+02   2.2356911e+02
   1.8500000e+02   2.0991630e+02
   1.8500000e+02   1.9575495e+02
   1.8500000e+02   1.8668954e+02
   1.8500000e+02   1.6343677e+02
   1.8500000e+02   1.7823045e+02
   1.8527273e+02   2.0017536e+02
   1.8554545e+02   1.9083388e+02
   1.8581818e+02   1.9267692e+02
   1.8609091e+02   1.7272797e+02
   1.8636364e+02   1.8494893e+02
   1.8663636e+02   1.9985531e+02
   1.8690909e+02   1.8520906e+02
   1.8718182e+02   1.8579980e+02
   1.8745455e+02   2.0635470e+02
   1.8772727e+02   1.7246265e+02
   1.8800000e+02   1.7592165e+02
   1.8800000e+02   1.8191561e+02
   1.8800000e+02   2.0048369e+02
   1.8800000e+02   1.8792097e+02
   1.8827273e+02   1.8704213e+02
   1.8854545e+02   1.8482996e+02
   1.8881818e+02   1.6413657e+02
   1.8909091e+02   1.5325829e+02
   1.8936364e+02   1.6972403e+02
   1.8963636e+02   1.9479450e+02
   1.8990909e+02   2.1521169e+02
   1.9018182e+02   2.0785051e+02
   1.9045455e+02   1.7892063e+02
   1.9072727e+02   1.4834807e+02
   1.9100000e+02   1.4368137e+02
   1.9100000e+02   2.0034492e+02
   1.9100000e+02   2.1442233e+02
   1.9100000e+02   2.2504909e+02
   1.9100000e+02   1.9687771e+02
   1.9118182e+02   1.7256445e+02
   1.9136364e+02   1.7184856e+02
   1.9154545e+02   1.5890515e+02
   1.9172727e+02   1.9652451e+02
   1.9190909e+02   1.9941745e+02
   1.9209091e+02   2.1222249e+02
   1.9227273e+02   1.9724656e+02
   1.9245455e+02   1.8147464e+02
   1.9263636e+02   1.6610919e+02
   1.9281818e+02   1.8957431e+02
   1.9300000e+02   1.7661749e+02
   1.9300000e+02   1.9525024e+02
   1.9300000e+02   2.1692619e+02
   1.9327273e+02   1.9979163e+02
   1.9354545e+02   1.7704828e+02
   1.9381818e+02   1.8199081e+02
   1.9409091e+02   1.7059798e+02
   1.9436364e+02   1.9225503e+02
   1.9463636e+02   2.1648088e+02
   1.9490909e+02   2.0080932e+02
   1.9518182e+02   2.1018212e+02
   1.9545455e+02   1.9026977e+02
   1.9572727e+02   1.7748007e+02
   1.9600000e+02   1.8307501e+02
   1.9600000e+02   1.9791652e+02
   1.9618182e+02   2.1830608e+02
   1.9636364e+02   2.0088943e+02
   1.9654545e+02   1.7606268e+02
   1.9672727e+02   1.9907227e+02
   1.9690909e+02   1.9259188e+02
   1.9709091e+02   2.1742212e+02
   1.9727273e+02   2.1271940e+02
   1.9745455e+02   2.0672780e+02
   1.9763636e+02   1.8862285e+02
   1.9781818e+02   1.7480153e+02
   1.9800000e+02   1.8046379e+02
   1.9800000e+02   1.9697710e+02
   1.9800000e+02   2.1087707e+02
   1.9818182e+02   2.2611594e+02
   1.9836364e+02   1.9297572e+02
   1.9854545e+02   1.8035946e+02
   1.9872727e+02   1.9030901e+02
   1.9890909e+02   1.8713746e+02
   1.9909091e+02   2.1304574e+02
   1.9927273e+02   2.3586212e+02
   1.9945455e+02   2.2605939e+02
   1.9963636e+02   2.0695716e+02
   1.9981818e+02   1.7082210e+02
   2.0018182e+02   1.6946895e+02
   2.0036364e+02   1.9981659e+02
   2.0054545e+02   2.3901682e+02
   2.0072727e+02   2.3159102e+02
   2.0090909e+02   2.1944783e+02
   2.0109091e+02   2.0309137e+02
   2.0127273e+02   1.6738323e+02
   2.0145455e+02   1.5572859e+02
   2.0181818e+02   1.6334314e+02
   2.0218182e+02   1.9574522e+02
   2.0254545e+02   2.3577859e+02
   2.0272727e+02   2.2026395e+02
   2.0290909e+02   2.1718782e+02
   2.0309091e+02   1.5854573e+02
   2.0327273e+02   1.6850544e+02
   2.0363636e+02   1.9280825e+02
   2.0400000e+02   2.1553493e+02
   2.0436364e+02   2.2745838e+02
   2.0472727e+02   2.1006465e+02
   2.0490909e+02   1.7841113e+02
   2.0509091e+02   1.8526610e+02
   2.0527273e+02   1.9531980e+02
   2.0545455e+02   1.9691862e+02
   2.0563636e+02   1.9931239e+02
   2.0590909e+02   2.3027494e+02
   2.0618182e+02   2.2658756e+02
   2.0627273e+02   2.0026302e+02
   2.0636364e+02   2.0357129e+02
   2.0645455e+02   1.9744078e+02
   2.0654545e+02   2.1293716e+02
   2.0663636e+02   2.1468071e+02
   2.0672727e+02   2.0376198e+02
   2.0681818e+02   2.1841628e+02
   2.0690909e+02   1.8496620e+02
   2.0700000e+02   2.0544278e+02
   2.0700000e+02   2.0491792e+02
   2.0736364e+02   2.1081997e+02
   2.0772727e+02   1.9870254e+02
   2.0809091e+02   2.1581044e+02
   2.0845455e+02   1.9185100e+02
   2.0881818e+02   1.8933323e+02
   2.0918182e+02   2.1609657e+02
   2.0954545e+02   2.2136685e+02
   2.0990909e+02   2.2610238e+02
   2.1027273e+02   2.2631357e+02
   2.1063636e+02   1.9977370e+02
   2.1100000e+02   1.9047516e+02
   2.1100000e+02   1.9562686e+02
   2.1100000e+02   2.2374653e+02
   2.1100000e+02   2.2715118e+02
   2.1100000e+02   2.3195128e+02
   2.1100000e+02   2.2557658e+02
   2.1100000e+02   1.8909820e+02
   2.1100000e+02   1.8764056e+02
   2.1100000e+02   1.7133250e+02
   2.1109091e+02   2.1962484e+02
   2.1118182e+02   2.5252642e+02
   2.1127273e+02   2.3166108e+02
   2.1136364e+02   2.3585054e+02
   2.1145455e+02   2.0368348e+02
   2.1154545e+02   1.8214343e+02
   2.1163636e+02   1.8462249e+02
   2.1172727e+02   2.0655060e+02
   2.1181818e+02   2.4796676e+02
   2.1190909e+02   2.3220440e+02
   2.1200000e+02   2.2265061e+02
   2.1200000e+02   2.3201176e+02
   2.1209091e+02   2.0691044e+02
   2.1218182e+02   2.0164722e+02
   2.1227273e+02   2.2211217e+02
   2.1236364e+02   2.2593120e+02
   2.1245455e+02   2.1781263e+02
   2.1254545e+02   2.2148886e+02
   2.1263636e+02   2.1323879e+02
   2.1272727e+02   2.0507983e+02
   2.1281818e+02   2.1877513e+02
   2.1290909e+02   2.2586185e+02
   2.1300000e+02   2.2380478e+02
   2.1300000e+02   2.0844834e+02
   2.1300000e+02   2.0808860e+02
   2.1300000e+02   2.1417144e+02
   2.1300000e+02   2.0485026e+02
   2.1300000e+02   2.1285735e+02
   2.1300000e+02   2.3101727e+02
   2.1300000e+02   2.1272961e+02
   2.1300000e+02   1.8629494e+02
   2.1300000e+02   1.7286569e+02
   2.1300000e+02   2.1293988e+02
   2.1300000e+02   2.1366091e+02
   2.1290909e+02   2.2975334e+02
   2.1281818e+02   2.2333063e+02
   2.1272727e+02   2.1602606e+02
   2.1263636e+02   1.8234496e+02
   2.1236364e+02   1.9148125e+02
   2.1209091e+02   1.8260553e+02
   2.1181818e+02   2.1671709e+02
   2.1154545e+02   2.3800089e+02
   2.1118182e+02   2.3520007e+02
   2.1081818e+02   2.1200140e+02
   2.1045455e+02   1.9960124e+02
   2.1009091e+02   1.9251564e+02
   2.0972727e+02   1.9846801e+02
   2.0918182e+02   2.1513929e+02
   2.0863636e+02   2.5172022e+02
   2.0827273e+02   2.4384770e+02
   2.0781818e+02   2.1616750e+02
   2.0736364e+02   1.7930115e+02
   2.0681818e+02   1.5678583e+02
   2.0636364e+02   1.8000226e+02
   2.0590909e+02   2.1974700e+02
   2.0527273e+02   2.3813345e+02
   2.0463636e+02   2.2101790e+02
   2.0400000e+02   1.8531363e+02
   2.0336364e+02   1.9075546e+02
   2.0272727e+02   1.6413961e+02
   2.0190909e+02   1.9733464e+02
   2.0118182e+02   2.1278034e+02
   2.0027273e+02   2.1596232e+02
   1.9945455e+02   2.2229130e+02
   1.9845455e+02   2.0689637e+02
   1.9745455e+02   1.7101323e+02
   1.9654545e+02   1.7092094e+02
   1.9572727e+02   1.9224263e+02
   1.9472727e+02   1.9178214e+02
   1.9390909e+02   1.9965731e+02
   1.9309091e+02   2.1127375e+02
   1.9227273e+02   1.9070196e+02
   1.9145455e+02   1.8603074e+02
   1.9081818e+02   1.8078336e+02
   1.9000000e+02   1.7909220e+02
   1.8936364e+02   1.8967751e+02
   1.8872727e+02   1.8262642e+02
   1.8800000e+02   1.8839159e+02
   1.8727273e+02   1.7035277e+02
   1.8663636e+02   1.9774923e+02
   1.8600000e+02   1.7826751e+02
   1.8536364e+02   2.0226359e+02
   1.8472727e+02   1.8545490e+02
   1.8409091e+02   1.8192662e+02
   1.8327273e+02   1.6959111e+02
   1.8263636e+02   1.8735271e+02
   1.8181818e+02   1.7943602e+02
   1.8100000e+02   1.9702264e+02
   1.8018182e+02   2.0574311e+02
   1.7936364e+02   2.0394639e+02
   1.7854545e+02   1.4725607e+02
   1.7772727e+02   1.1876576e+02
   1.7672727e+02   1.5031227e+02
   1.7590909e+02   1.7575711e+02
   1.7490909e+02   2.1307634e+02
   1.7409091e+02   2.0591289e+02
   1.7327273e+02   1.8764937e+02
   1.7254545e+02   1.6188914e+02
   1.7181818e+02   1.2900956e+02
   1.7109091e+02   1.3334471e+02
   1.7036364e+02   1.6491894e+02
   1.6963636e+02   1.7722734e+02
   1.6890909e+02   2.0559579e+02
   1.6836364e+02   1.7704258e+02
   1.6763636e+02   1.4040817e+02
   1.6709091e+02   1.3387643e+02
   1.6654545e+02   1.4564175e+02
   1.6600000e+02   1.5967601e+02
   1.6545455e+02   1.9115475e+02
   1.6490909e+02   1.9937484e+02
   1.6454545e+02   1.8740077e+02
   1.6400000e+02   1.5232541e+02
   1.6354545e+02   1.3742347e+02
   1.6309091e+02   1.3299967e+02
   1.6254545e+02   1.7341297e+02
   1.6218182e+02   1.6974611e+02
   1.6181818e+02   1.6711749e+02
   1.6136364e+02   1.6523795e+02
   1.6090909e+02   1.5210606e+02
   1.6054545e+02   1.3712989e+02
   1.6009091e+02   1.3986607e+02
   1.5963636e+02   1.8076417e+02
   1.5927273e+02   1.6987566e+02
   1.5890909e+02   1.5577022e+02
   1.5854545e+02   1.7045960e+02
   1.5818182e+02   1.4252224e+02
   1.5781818e+02   1.7272596e+02
   1.5736364e+02   1.5716016e+02
   1.5700000e+02   1.5467892e+02
   1.5663636e+02   1.6633131e+02
   1.5618182e+02   1.4026109e+02
   1.5581818e+02   1.3895596e+02
   1.5545455e+02   1.5548529e+02
   1.5518182e+02   1.6296472e+02
   1.5481818e+02   1.7069979e+02
   1.5445455e+02   1.5114836e+02
   1.5409091e+02   1.4044186e+02
   1.5372727e+02   1.4363159e+02
   1.5345455e+02   1.3694683e+02
   1.5318182e+02   1.4191392e+02
   1.5281818e+02   1.7798292e+02
   1.5254545e+02   1.8964430e+02
   1.5227273e+02   1.9269238e+02
   1.5190909e+02   1.6627588e+02
   1.5154545e+02   1.1750498e+02
   1.5127273e+02   1.1711276e+02
   1.5100000e+02   1.4272082e+02
   1.5072727e+02   1.7780518e+02
   1.5045455e+02   1.8970019e+02
   1.5009091e+02   1.6711900e+02
   1.4963636e+02   1.5130182e+02
   1.4927273e+02   1.0720873e+02
   1.4890909e+02   1.0764539e+02
   1.4854545e+02   1.2568942e+02
   1.4827273e+02   1.6794295e+02
   1.4800000e+02   1.8162467e+02
   1.4754545e+02   1.9046390e+02
   1.4700000e+02   1.4655022e+02
   1.4654545e+02   1.0875482e+02
   1.4609091e+02   1.2597426e+02
   1.4563636e+02   1.1732082e+02
   1.4518182e+02   1.5891022e+02
   1.4472727e+02   1.9801251e+02
   1.4427273e+02   1.5644145e+02
   1.4372727e+02   1.5140479e+02
   1.4318182e+02   1.3447282e+02
   1.4263636e+02   1.1193029e+02
   1.4218182e+02   1.4375970e+02
   1.4181818e+02   1.4901176e+02
   1.4136364e+02   1.6652619e+02
   1.4090909e+02   1.4733301e+02
   1.4045455e+02   1.6046581e+02
   1.4009091e+02   1.4736049e+02
   1.3963636e+02   1.3090172e+02
   1.3918182e+02   1.5717235e+02
   1.3872727e+02   1.4336033e+02
   1.3827273e+02   1.4947125e+02
   1.3772727e+02   1.3215940e+02
   1.3727273e+02   1.2813429e+02
   1.3672727e+02   1.5982497e+02
   1.3627273e+02   1.2502584e+02
   1.3563636e+02   1.3579510e+02
   1.3509091e+02   1.4665363e+02
   1.3454545e+02   1.0780290e+02
   1.3400000e+02   1.2041687e+02
   1.3345455e+02   1.2715639e+02
   1.3281818e+02   1.2096592e+02
   1.3218182e+02   1.4802169e+02
   1.3163636e+02   1.5318235e+02
   1.3100000e+02   1.5414969e+02
   1.3045455e+02   1.0798114e+02
   1.2972727e+02   1.0625611e+02
   1.2918182e+02   9.3855113e+01
   1.2854545e+02   1.4113522e+02
   1.2790909e+02   1.6301206e+02
   1.2736364e+02   1.5001942e+02
   1.2681818e+02   1.2705012e+02
   1.2645455e+02   1.1228341e+02
   1.2609091e+02   7.5135683e+01
   1.2572727e+02   1.0388521e+02
