   0.0000000e+00
   0.0000000e+00
   0.0000000e+00
   0.0000000e+00
   0.0000000e+00
   0.0000000e+00
   0.0000000e+00
   0.0000000e+00
   0.0000000e+00
   0.0000000e+00
   0.0000000e+00
   0.0000000e+00
   0.0000000e+00
   0.0000000e+00
   0.0000000e+00
   0.0000000e+00
   0.0000000e+00
   0.0000000e+00
   0.0000000e+00
   0.0000000e+00
   0.0000000e+00
   0.0000000e+00
   0.0000000e+00
   0.0000000e+00
   0.0000000e+00
   0.0000000e+00
   0.0000000e+00
   0.0000000e+00
   0.0000000e+00
   0.0000000e+00
   0.0000000e+00
   0.0000000e+00
   0.0000000e+00
   0.0000000e+00
   0.0000000e+00
   0.0000000e+00
   0.0000000e+00
   0.0000000e+00
   0.0000000e+00
   0.0000000e+00
   0.0000000e+00
   0.0000000e+00
   0.0000000e+00
   0.0000000e+00
   0.0000000e+00
   0.0000000e+00
   0.0000000e+00
   0.0000000e+00
   0.0000000e+00
   0.0000000e+00
   0.0000000e+00
   6.0000000e-03
   1.2000000e-02
   1.8000000e-02
   2.4000000e-02
   3.0000000e-02
   3.6000000e-02
   4.2000000e-02
   4.8000000e-02
   5.4000000e-02
   6.0000000e-02
   6.6000000e-02
   7.2000000e-02
   7.8000000e-02
   8.4000000e-02
   9.0000000e-02
   9.6000000e-02
   1.0200000e-01
   1.0800000e-01
   1.1400000e-01
   1.2000000e-01
   1.2600000e-01
   1.3200000e-01
   1.3800000e-01
   1.4400000e-01
   1.5000000e-01
   1.5600000e-01
   1.6200000e-01
   1.6800000e-01
   1.7400000e-01
   1.8000000e-01
   1.8600000e-01
   1.9200000e-01
   1.9800000e-01
   2.0400000e-01
   2.1000000e-01
   2.1600000e-01
   2.2200000e-01
   2.2800000e-01
   2.3400000e-01
   2.4000000e-01
   2.4600000e-01
   2.5200000e-01
   2.5800000e-01
   2.6400000e-01
   2.7000000e-01
   2.7600000e-01
   2.8200000e-01
   2.8800000e-01
   2.9400000e-01
   3.0000000e-01
   3.0600000e-01
   3.1200000e-01
   3.1800000e-01
   3.2400000e-01
   3.3000000e-01
   3.3600000e-01
   3.4200000e-01
   3.4800000e-01
   3.5400000e-01
   3.6000000e-01
   3.6600000e-01
   3.7200000e-01
   3.7800000e-01
   3.8400000e-01
   3.9000000e-01
   3.9600000e-01
   4.0200000e-01
   4.0800000e-01
   4.1400000e-01
   4.2000000e-01
   4.2600000e-01
   4.3200000e-01
   4.3800000e-01
   4.4400000e-01
   4.5000000e-01
   4.5600000e-01
   4.6200000e-01
   4.6800000e-01
   4.7400000e-01
   4.8000000e-01
   4.8600000e-01
   4.9200000e-01
   4.9800000e-01
   5.0400000e-01
   5.1000000e-01
   5.1600000e-01
   5.2200000e-01
   5.2800000e-01
   5.3400000e-01
   5.4000000e-01
   5.4600000e-01
   5.5200000e-01
   5.5800000e-01
   5.6400000e-01
   5.7000000e-01
   5.7600000e-01
   5.8200000e-01
   5.8800000e-01
   5.9400000e-01
   6.0000000e-01
   6.0600000e-01
   6.1200000e-01
   6.1800000e-01
   6.2400000e-01
   6.3000000e-01
   6.3600000e-01
   6.4200000e-01
   6.4800000e-01
   6.5400000e-01
   6.6000000e-01
   6.6600000e-01
   6.7200000e-01
   6.7800000e-01
   6.8400000e-01
   6.9000000e-01
   6.9600000e-01
   7.0200000e-01
   7.0800000e-01
   7.1400000e-01
   7.2000000e-01
   7.2600000e-01
   7.3200000e-01
   7.3800000e-01
   7.4400000e-01
   7.5000000e-01
   7.5600000e-01
   7.6200000e-01
   7.6800000e-01
   7.7400000e-01
   7.8000000e-01
   7.8600000e-01
   7.9200000e-01
   7.9800000e-01
   8.0400000e-01
   8.1000000e-01
   8.1600000e-01
   8.2200000e-01
   8.2800000e-01
   8.3400000e-01
   8.4000000e-01
   8.4600000e-01
   8.5200000e-01
   8.5800000e-01
   8.6400000e-01
   8.7000000e-01
   8.7600000e-01
   8.8200000e-01
   8.8800000e-01
   8.9400000e-01
   9.0000000e-01
   9.0600000e-01
   9.1200000e-01
   9.1800000e-01
   9.2400000e-01
   9.3000000e-01
   9.3600000e-01
   9.4200000e-01
   9.4800000e-01
   9.5400000e-01
   9.6000000e-01
   9.6600000e-01
   9.7200000e-01
   9.7800000e-01
   9.8400000e-01
   9.9000000e-01
   9.9600000e-01
   1.0020000e+00
   1.0080000e+00
   1.0140000e+00
   1.0200000e+00
   1.0260000e+00
   1.0320000e+00
   1.0380000e+00
   1.0440000e+00
   1.0500000e+00
   1.0560000e+00
   1.0620000e+00
   1.0680000e+00
   1.0740000e+00
   1.0800000e+00
   1.0860000e+00
   1.0920000e+00
   1.0980000e+00
   1.1040000e+00
   1.1100000e+00
   1.1160000e+00
   1.1220000e+00
   1.1280000e+00
   1.1340000e+00
   1.1400000e+00
   1.1460000e+00
   1.1520000e+00
   1.1580000e+00
   1.1640000e+00
   1.1700000e+00
   1.1760000e+00
   1.1820000e+00
   1.1880000e+00
   1.1940000e+00
   1.2000000e+00
   1.1940000e+00
   1.1880000e+00
   1.1820000e+00
   1.1760000e+00
   1.1700000e+00
   1.1640000e+00
   1.1580000e+00
   1.1520000e+00
   1.1460000e+00
   1.1400000e+00
   1.1340000e+00
   1.1280000e+00
   1.1220000e+00
   1.1160000e+00
   1.1100000e+00
   1.1040000e+00
   1.0980000e+00
   1.0920000e+00
   1.0860000e+00
   1.0800000e+00
   1.0740000e+00
   1.0680000e+00
   1.0620000e+00
   1.0560000e+00
   1.0500000e+00
   1.0440000e+00
   1.0380000e+00
   1.0320000e+00
   1.0260000e+00
   1.0200000e+00
   1.0140000e+00
   1.0080000e+00
   1.0020000e+00
   9.9600000e-01
   9.9000000e-01
   9.8400000e-01
   9.7800000e-01
   9.7200000e-01
   9.6600000e-01
   9.6000000e-01
   9.5400000e-01
   9.4800000e-01
   9.4200000e-01
   9.3600000e-01
   9.3000000e-01
   9.2400000e-01
   9.1800000e-01
   9.1200000e-01
   9.0600000e-01
   9.0000000e-01
   8.9400000e-01
   8.8800000e-01
   8.8200000e-01
   8.7600000e-01
   8.7000000e-01
   8.6400000e-01
   8.5800000e-01
   8.5200000e-01
   8.4600000e-01
   8.4000000e-01
   8.3400000e-01
   8.2800000e-01
   8.2200000e-01
   8.1600000e-01
   8.1000000e-01
   8.0400000e-01
   7.9800000e-01
   7.9200000e-01
   7.8600000e-01
   7.8000000e-01
   7.7400000e-01
   7.6800000e-01
   7.6200000e-01
   7.5600000e-01
   7.5000000e-01
   7.4400000e-01
   7.3800000e-01
   7.3200000e-01
   7.2600000e-01
   7.2000000e-01
   7.1400000e-01
   7.0800000e-01
   7.0200000e-01
   6.9600000e-01
   6.9000000e-01
   6.8400000e-01
   6.7800000e-01
   6.7200000e-01
   6.6600000e-01
   6.6000000e-01
   6.5400000e-01
   6.4800000e-01
   6.4200000e-01
   6.3600000e-01
   6.3000000e-01
   6.2400000e-01
   6.1800000e-01
   6.1200000e-01
   6.0600000e-01
   6.0000000e-01
   5.9400000e-01
   5.8800000e-01
   5.8200000e-01
   5.7600000e-01
   5.7000000e-01
   5.6400000e-01
   5.5800000e-01
   5.5200000e-01
   5.4600000e-01
   5.4000000e-01
   5.3400000e-01
   5.2800000e-01
   5.2200000e-01
   5.1600000e-01
   5.1000000e-01
   5.0400000e-01
   4.9800000e-01
   4.9200000e-01
   4.8600000e-01
   4.8000000e-01
   4.7400000e-01
   4.6800000e-01
   4.6200000e-01
   4.5600000e-01
   4.5000000e-01
   4.4400000e-01
   4.3800000e-01
   4.3200000e-01
   4.2600000e-01
   4.2000000e-01
   4.1400000e-01
   4.0800000e-01
   4.0200000e-01
   3.9600000e-01
   3.9000000e-01
   3.8400000e-01
   3.7800000e-01
   3.7200000e-01
   3.6600000e-01
   3.6000000e-01
   3.5400000e-01
   3.4800000e-01
   3.4200000e-01
   3.3600000e-01
   3.3000000e-01
   3.2400000e-01
   3.1800000e-01
   3.1200000e-01
   3.0600000e-01
   3.0000000e-01
   2.9400000e-01
   2.8800000e-01
   2.8200000e-01
   2.7600000e-01
   2.7000000e-01
   2.6400000e-01
   2.5800000e-01
   2.5200000e-01
   2.4600000e-01
   2.4000000e-01
   2.3400000e-01
   2.2800000e-01
   2.2200000e-01
   2.1600000e-01
   2.1000000e-01
   2.0400000e-01
   1.9800000e-01
   1.9200000e-01
   1.8600000e-01
   1.8000000e-01
   1.7400000e-01
   1.6800000e-01
   1.6200000e-01
   1.5600000e-01
   1.5000000e-01
   1.4400000e-01
   1.3800000e-01
   1.3200000e-01
   1.2600000e-01
   1.2000000e-01
   1.1400000e-01
   1.0800000e-01
   1.0200000e-01
   9.6000000e-02
   9.0000000e-02
   8.4000000e-02
   7.8000000e-02
   7.2000000e-02
   6.6000000e-02
   6.0000000e-02
   5.4000000e-02
   4.8000000e-02
   4.2000000e-02
   3.6000000e-02
   3.0000000e-02
   2.4000000e-02
   1.8000000e-02
   1.2000000e-02
   6.0000000e-03
   0.0000000e+00
   0.0000000e+00
   0.0000000e+00
   0.0000000e+00
   0.0000000e+00
   0.0000000e+00
   0.0000000e+00
   0.0000000e+00
   0.0000000e+00
   0.0000000e+00
   0.0000000e+00
   0.0000000e+00
   0.0000000e+00
   0.0000000e+00
   0.0000000e+00
   0.0000000e+00
   0.0000000e+00
   0.0000000e+00
   0.0000000e+00
   0.0000000e+00
   0.0000000e+00
   0.0000000e+00
   0.0000000e+00
   0.0000000e+00
   0.0000000e+00
   0.0000000e+00
   0.0000000e+00
   0.0000000e+00
   0.0000000e+00
   0.0000000e+00
   0.0000000e+00
   0.0000000e+00
   0.0000000e+00
   0.0000000e+00
   0.0000000e+00
   0.0000000e+00
   0.0000000e+00
   0.0000000e+00
   0.0000000e+00
   0.0000000e+00
   0.0000000e+00
   0.0000000e+00
   0.0000000e+00
   0.0000000e+00
   0.0000000e+00
   0.0000000e+00
   0.0000000e+00
   0.0000000e+00
   0.0000000e+00
   0.0000000e+00
   0.0000000e+00
   9.0000000e-01
   9.0000000e-01
   9.0000000e-01
   9.0000000e-01
   9.0000000e-01
   9.0000000e-01
   9.0000000e-01
   9.0000000e-01
   9.0000000e-01
   9.0000000e-01
   9.0000000e-01
   9.0000000e-01
   9.0000000e-01
   9.0000000e-01
   9.0000000e-01
   9.0000000e-01
   9.0000000e-01
   9.0000000e-01
   9.0000000e-01
   9.0000000e-01
   9.0000000e-01
   9.0000000e-01
   9.0000000e-01
   9.0000000e-01
   9.0000000e-01
   9.0000000e-01
   9.0000000e-01
   9.0000000e-01
   9.0000000e-01
   9.0000000e-01
   9.0000000e-01
   9.0000000e-01
   9.0000000e-01
   9.0000000e-01
   9.0000000e-01
   9.0000000e-01
   9.0000000e-01
   9.0000000e-01
   9.0000000e-01
   9.0000000e-01
   9.0000000e-01
   9.0000000e-01
   9.0000000e-01
   9.0000000e-01
   9.0000000e-01
   9.0000000e-01
   9.0000000e-01
   9.0000000e-01
   9.0000000e-01
   9.0000000e-01
   9.0000000e-01
   9.0000000e-01
   9.0000000e-01
   9.0000000e-01
   9.0000000e-01
   9.0000000e-01
   9.0000000e-01
   9.0000000e-01
   9.0000000e-01
   9.0000000e-01
   9.0000000e-01
   9.0000000e-01
   9.0000000e-01
   9.0000000e-01
   9.0000000e-01
   9.0000000e-01
   9.0000000e-01
   9.0000000e-01
   9.0000000e-01
   9.0000000e-01
   9.0000000e-01
   9.0000000e-01
   9.0000000e-01
   9.0000000e-01
   9.0000000e-01
   9.0000000e-01
   9.0000000e-01
   9.0000000e-01
   9.0000000e-01
   9.0000000e-01
   9.0000000e-01
   9.0000000e-01
   9.0000000e-01
   9.0000000e-01
   9.0000000e-01
   9.0000000e-01
   9.0000000e-01
   9.0000000e-01
   9.0000000e-01
   9.0000000e-01
   9.0000000e-01
   9.0000000e-01
   9.0000000e-01
   9.0000000e-01
   9.0000000e-01
   9.0000000e-01
   9.0000000e-01
   9.0000000e-01
   9.0000000e-01
   9.0000000e-01
   9.0000000e-01
   9.0000000e-01
   9.0000000e-01
   9.0000000e-01
   9.0000000e-01
   9.0000000e-01
   9.0000000e-01
   9.0000000e-01
   9.0000000e-01
   9.0000000e-01
   9.0000000e-01
   9.0000000e-01
   9.0000000e-01
   9.0000000e-01
   9.0000000e-01
   9.0000000e-01
   9.0000000e-01
   9.0000000e-01
   9.0000000e-01
   9.0000000e-01
   9.0000000e-01
   9.0000000e-01
   9.0000000e-01
   9.0000000e-01
   9.0000000e-01
   9.0000000e-01
   9.0000000e-01
   9.0000000e-01
   9.0000000e-01
   9.0000000e-01
   9.0000000e-01
   9.0000000e-01
   9.0000000e-01
   9.0000000e-01
   9.0000000e-01
   9.0000000e-01
   9.0000000e-01
   9.0000000e-01
   9.0000000e-01
   9.0000000e-01
   9.0000000e-01
   9.0000000e-01
   9.0000000e-01
   9.0000000e-01
   9.0000000e-01
   9.0000000e-01
   9.0000000e-01
   9.0000000e-01
   9.0000000e-01
   9.0000000e-01
   9.0000000e-01
   9.0000000e-01
   9.0000000e-01
   9.0000000e-01
   9.0000000e-01
   9.0000000e-01
   9.0000000e-01
   9.0000000e-01
   9.0000000e-01
   9.0000000e-01
   9.0000000e-01
   9.0000000e-01
   9.0000000e-01
   9.0000000e-01
   9.0000000e-01
   9.0000000e-01
   9.0000000e-01
   9.0000000e-01
   9.0000000e-01
   9.0000000e-01
   9.0000000e-01
   9.0000000e-01
   9.0000000e-01
   9.0000000e-01
   9.0000000e-01
   9.0000000e-01
   9.0000000e-01
   9.0000000e-01
   9.0000000e-01
   9.0000000e-01
   9.0000000e-01
   9.0000000e-01
   9.0000000e-01
   9.0000000e-01
   9.0000000e-01
   9.0000000e-01
   9.0000000e-01
   9.0000000e-01
   9.0000000e-01
   9.0000000e-01
   9.0000000e-01
   9.0000000e-01
   9.0000000e-01
   9.0000000e-01
   9.0000000e-01
   9.0000000e-01
   9.0000000e-01
   9.0000000e-01
   9.0000000e-01
   9.0000000e-01
   9.0000000e-01
   9.0000000e-01
   9.0000000e-01
   9.0000000e-01
   9.0000000e-01
   9.0000000e-01
   9.0000000e-01
   9.0000000e-01
   9.0000000e-01
   9.0000000e-01
   9.0000000e-01
   9.0000000e-01
   9.0000000e-01
   9.0000000e-01
   9.0000000e-01
   9.0000000e-01
   9.0000000e-01
   9.0000000e-01
   9.0000000e-01
   9.0000000e-01
   9.0000000e-01
   9.0000000e-01
   9.0000000e-01
   9.0000000e-01
   9.0000000e-01
   9.0000000e-01
   9.0000000e-01
   9.0000000e-01
   9.0000000e-01
   9.0000000e-01
   9.0000000e-01
   9.0000000e-01
   9.0000000e-01
   9.0000000e-01
   9.0000000e-01
   9.0000000e-01
   9.0000000e-01
   9.0000000e-01
   9.0000000e-01
   9.0000000e-01
   9.0000000e-01
   9.0000000e-01
   9.0000000e-01
   9.0000000e-01
   9.0000000e-01
   9.0000000e-01
   9.0000000e-01
   9.0000000e-01
   9.0000000e-01
   9.0000000e-01
   9.0000000e-01
   9.0000000e-01
   9.0000000e-01
   9.0000000e-01
   9.0000000e-01
   9.0000000e-01
   9.0000000e-01
   9.0000000e-01
   9.0000000e-01
   9.0000000e-01
   9.0000000e-01
   9.0000000e-01
   9.0000000e-01
   9.0000000e-01
   9.0000000e-01
   9.0000000e-01
   9.0000000e-01
   9.0000000e-01
   9.0000000e-01
   9.0000000e-01
   9.0000000e-01
   9.0000000e-01
   9.0000000e-01
   9.0000000e-01
   9.0000000e-01
   9.0000000e-01
   9.0000000e-01
   9.0000000e-01
   9.0000000e-01
   9.0000000e-01
   9.0000000e-01
   9.0000000e-01
   9.0000000e-01
   9.0000000e-01
   9.0000000e-01
   9.0000000e-01
   9.0000000e-01
   9.0000000e-01
   9.0000000e-01
   9.0000000e-01
   9.0000000e-01
   9.0000000e-01
   9.0000000e-01
   9.0000000e-01
   9.0000000e-01
   9.0000000e-01
   9.0000000e-01
   9.0000000e-01
   9.0000000e-01
   9.0000000e-01
   9.0000000e-01
   9.0000000e-01
   9.0000000e-01
   9.0000000e-01
   9.0000000e-01
   9.0000000e-01
   9.0000000e-01
   9.0000000e-01
   9.0000000e-01
   9.0000000e-01
   9.0000000e-01
   9.0000000e-01
   9.0000000e-01
   9.0000000e-01
   9.0000000e-01
   9.0000000e-01
   9.0000000e-01
   9.0000000e-01
   9.0000000e-01
   9.0000000e-01
   9.0000000e-01
   9.0000000e-01
   9.0000000e-01
   9.0000000e-01
   9.0000000e-01
   9.0000000e-01
   9.0000000e-01
   9.0000000e-01
   9.0000000e-01
   9.0000000e-01
   9.0000000e-01
   9.0000000e-01
   9.0000000e-01
   9.0000000e-01
   9.0000000e-01
   9.0000000e-01
   9.0000000e-01
   9.0000000e-01
   9.0000000e-01
   9.0000000e-01
   9.0000000e-01
   9.0000000e-01
   9.0000000e-01
   9.0000000e-01
   9.0000000e-01
   9.0000000e-01
   9.0000000e-01
   9.0000000e-01
   9.0000000e-01
   9.0000000e-01
   9.0000000e-01
   9.0000000e-01
   9.0000000e-01
   9.0000000e-01
   9.0000000e-01
   9.0000000e-01
   9.0000000e-01
   9.0000000e-01
   9.0000000e-01
   9.0000000e-01
   9.0000000e-01
   9.0000000e-01
   9.0000000e-01
   9.0000000e-01
   9.0000000e-01
   9.0000000e-01
   9.0000000e-01
   9.0000000e-01
   9.0000000e-01
   9.0000000e-01
   9.0000000e-01
   9.0000000e-01
   9.0000000e-01
   9.0000000e-01
   9.0000000e-01
   9.0000000e-01
   9.0000000e-01
   9.0000000e-01
   9.0000000e-01
   9.0000000e-01
   9.0000000e-01
   9.0000000e-01
   9.0000000e-01
   9.0000000e-01
   9.0000000e-01
   9.0000000e-01
   9.0000000e-01
   9.0000000e-01
   9.0000000e-01
   9.0000000e-01
   9.0000000e-01
   9.0000000e-01
   9.0000000e-01
   9.0000000e-01
   9.0000000e-01
   9.0000000e-01
   9.0000000e-01
   9.0000000e-01
   9.0000000e-01
   0.0000000e+00
   0.0000000e+00
   0.0000000e+00
   0.0000000e+00
   0.0000000e+00
   0.0000000e+00
   0.0000000e+00
   0.0000000e+00
   0.0000000e+00
   0.0000000e+00
   0.0000000e+00
   0.0000000e+00
   0.0000000e+00
   0.0000000e+00
   0.0000000e+00
   0.0000000e+00
   0.0000000e+00
   0.0000000e+00
   0.0000000e+00
   0.0000000e+00
   0.0000000e+00
   0.0000000e+00
   0.0000000e+00
   0.0000000e+00
   0.0000000e+00
   0.0000000e+00
   0.0000000e+00
   0.0000000e+00
   0.0000000e+00
   0.0000000e+00
   0.0000000e+00
   0.0000000e+00
   0.0000000e+00
   0.0000000e+00
   0.0000000e+00
   0.0000000e+00
   0.0000000e+00
   0.0000000e+00
   0.0000000e+00
   0.0000000e+00
   0.0000000e+00
   0.0000000e+00
   0.0000000e+00
   0.0000000e+00
   0.0000000e+00
   0.0000000e+00
   0.0000000e+00
   0.0000000e+00
   0.0000000e+00
   0.0000000e+00
   0.0000000e+00
   6.0000000e-03
   1.2000000e-02
   1.8000000e-02
   2.4000000e-02
   3.0000000e-02
   3.6000000e-02
   4.2000000e-02
   4.8000000e-02
   5.4000000e-02
   6.0000000e-02
   6.6000000e-02
   7.2000000e-02
   7.8000000e-02
   8.4000000e-02
   9.0000000e-02
   9.6000000e-02
   1.0200000e-01
   1.0800000e-01
   1.1400000e-01
   1.2000000e-01
   1.2600000e-01
   1.3200000e-01
   1.3800000e-01
   1.4400000e-01
   1.5000000e-01
   1.5600000e-01
   1.6200000e-01
   1.6800000e-01
   1.7400000e-01
   1.8000000e-01
   1.8600000e-01
   1.9200000e-01
   1.9800000e-01
   2.0400000e-01
   2.1000000e-01
   2.1600000e-01
   2.2200000e-01
   2.2800000e-01
   2.3400000e-01
   2.4000000e-01
   2.4600000e-01
   2.5200000e-01
   2.5800000e-01
   2.6400000e-01
   2.7000000e-01
   2.7600000e-01
   2.8200000e-01
   2.8800000e-01
   2.9400000e-01
   3.0000000e-01
   3.0600000e-01
   3.1200000e-01
   3.1800000e-01
   3.2400000e-01
   3.3000000e-01
   3.3600000e-01
   3.4200000e-01
   3.4800000e-01
   3.5400000e-01
   3.6000000e-01
   3.6600000e-01
   3.7200000e-01
   3.7800000e-01
   3.8400000e-01
   3.9000000e-01
   3.9600000e-01
   4.0200000e-01
   4.0800000e-01
   4.1400000e-01
   4.2000000e-01
   4.2600000e-01
   4.3200000e-01
   4.3800000e-01
   4.4400000e-01
   4.5000000e-01
   4.5600000e-01
   4.6200000e-01
   4.6800000e-01
   4.7400000e-01
   4.8000000e-01
   4.8600000e-01
   4.9200000e-01
   4.9800000e-01
   5.0400000e-01
   5.1000000e-01
   5.1600000e-01
   5.2200000e-01
   5.2800000e-01
   5.3400000e-01
   5.4000000e-01
   5.4600000e-01
   5.5200000e-01
   5.5800000e-01
   5.6400000e-01
   5.7000000e-01
   5.7600000e-01
   5.8200000e-01
   5.8800000e-01
   5.9400000e-01
   6.0000000e-01
   6.0600000e-01
   6.1200000e-01
   6.1800000e-01
   6.2400000e-01
   6.3000000e-01
   6.3600000e-01
   6.4200000e-01
   6.4800000e-01
   6.5400000e-01
   6.6000000e-01
   6.6600000e-01
   6.7200000e-01
   6.7800000e-01
   6.8400000e-01
   6.9000000e-01
   6.9600000e-01
   7.0200000e-01
   7.0800000e-01
   7.1400000e-01
   7.2000000e-01
   7.2600000e-01
   7.3200000e-01
   7.3800000e-01
   7.4400000e-01
   7.5000000e-01
   7.5600000e-01
   7.6200000e-01
   7.6800000e-01
   7.7400000e-01
   7.8000000e-01
   7.8600000e-01
   7.9200000e-01
   7.9800000e-01
   8.0400000e-01
   8.1000000e-01
   8.1600000e-01
   8.2200000e-01
   8.2800000e-01
   8.3400000e-01
   8.4000000e-01
   8.4600000e-01
   8.5200000e-01
   8.5800000e-01
   8.6400000e-01
   8.7000000e-01
   8.7600000e-01
   8.8200000e-01
   8.8800000e-01
   8.9400000e-01
   9.0000000e-01
   9.0600000e-01
   9.1200000e-01
   9.1800000e-01
   9.2400000e-01
   9.3000000e-01
   9.3600000e-01
   9.4200000e-01
   9.4800000e-01
   9.5400000e-01
   9.6000000e-01
   9.6600000e-01
   9.7200000e-01
   9.7800000e-01
   9.8400000e-01
   9.9000000e-01
   9.9600000e-01
   1.0020000e+00
   1.0080000e+00
   1.0140000e+00
   1.0200000e+00
   1.0260000e+00
   1.0320000e+00
   1.0380000e+00
   1.0440000e+00
   1.0500000e+00
   1.0560000e+00
   1.0620000e+00
   1.0680000e+00
   1.0740000e+00
   1.0800000e+00
   1.0860000e+00
   1.0920000e+00
   1.0980000e+00
   1.1040000e+00
   1.1100000e+00
   1.1160000e+00
   1.1220000e+00
   1.1280000e+00
   1.1340000e+00
   1.1400000e+00
   1.1460000e+00
   1.1520000e+00
   1.1580000e+00
   1.1640000e+00
   1.1700000e+00
   1.1760000e+00
   1.1820000e+00
   1.1880000e+00
   1.1940000e+00
   1.2000000e+00
   1.1940000e+00
   1.1880000e+00
   1.1820000e+00
   1.1760000e+00
   1.1700000e+00
   1.1640000e+00
   1.1580000e+00
   1.1520000e+00
   1.1460000e+00
   1.1400000e+00
   1.1340000e+00
   1.1280000e+00
   1.1220000e+00
   1.1160000e+00
   1.1100000e+00
   1.1040000e+00
   1.0980000e+00
   1.0920000e+00
   1.0860000e+00
   1.0800000e+00
   1.0740000e+00
   1.0680000e+00
   1.0620000e+00
   1.0560000e+00
   1.0500000e+00
   1.0440000e+00
   1.0380000e+00
   1.0320000e+00
   1.0260000e+00
   1.0200000e+00
   1.0140000e+00
   1.0080000e+00
   1.0020000e+00
   9.9600000e-01
   9.9000000e-01
   9.8400000e-01
   9.7800000e-01
   9.7200000e-01
   9.6600000e-01
   9.6000000e-01
   9.5400000e-01
   9.4800000e-01
   9.4200000e-01
   9.3600000e-01
   9.3000000e-01
   9.2400000e-01
   9.1800000e-01
   9.1200000e-01
   9.0600000e-01
   9.0000000e-01
   8.9400000e-01
   8.8800000e-01
   8.8200000e-01
   8.7600000e-01
   8.7000000e-01
   8.6400000e-01
   8.5800000e-01
   8.5200000e-01
   8.4600000e-01
   8.4000000e-01
   8.3400000e-01
   8.2800000e-01
   8.2200000e-01
   8.1600000e-01
   8.1000000e-01
   8.0400000e-01
   7.9800000e-01
   7.9200000e-01
   7.8600000e-01
   7.8000000e-01
   7.7400000e-01
   7.6800000e-01
   7.6200000e-01
   7.5600000e-01
   7.5000000e-01
   7.4400000e-01
   7.3800000e-01
   7.3200000e-01
   7.2600000e-01
   7.2000000e-01
   7.1400000e-01
   7.0800000e-01
   7.0200000e-01
   6.9600000e-01
   6.9000000e-01
   6.8400000e-01
   6.7800000e-01
   6.7200000e-01
   6.6600000e-01
   6.6000000e-01
   6.5400000e-01
   6.4800000e-01
   6.4200000e-01
   6.3600000e-01
   6.3000000e-01
   6.2400000e-01
   6.1800000e-01
   6.1200000e-01
   6.0600000e-01
   6.0000000e-01
   5.9400000e-01
   5.8800000e-01
   5.8200000e-01
   5.7600000e-01
   5.7000000e-01
   5.6400000e-01
   5.5800000e-01
   5.5200000e-01
   5.4600000e-01
   5.4000000e-01
   5.3400000e-01
   5.2800000e-01
   5.2200000e-01
   5.1600000e-01
   5.1000000e-01
   5.0400000e-01
   4.9800000e-01
   4.9200000e-01
   4.8600000e-01
   4.8000000e-01
   4.7400000e-01
   4.6800000e-01
   4.6200000e-01
   4.5600000e-01
   4.5000000e-01
   4.4400000e-01
   4.3800000e-01
   4.3200000e-01
   4.2600000e-01
   4.2000000e-01
   4.1400000e-01
   4.0800000e-01
   4.0200000e-01
   3.9600000e-01
   3.9000000e-01
   3.8400000e-01
   3.7800000e-01
   3.7200000e-01
   3.6600000e-01
   3.6000000e-01
   3.5400000e-01
   3.4800000e-01
   3.4200000e-01
   3.3600000e-01
   3.3000000e-01
   3.2400000e-01
   3.1800000e-01
   3.1200000e-01
   3.0600000e-01
   3.0000000e-01
   2.9400000e-01
   2.8800000e-01
   2.8200000e-01
   2.7600000e-01
   2.7000000e-01
   2.6400000e-01
   2.5800000e-01
   2.5200000e-01
   2.4600000e-01
   2.4000000e-01
   2.3400000e-01
   2.2800000e-01
   2.2200000e-01
   2.1600000e-01
   2.1000000e-01
   2.0400000e-01
   1.9800000e-01
   1.9200000e-01
   1.8600000e-01
   1.8000000e-01
   1.7400000e-01
   1.6800000e-01
   1.6200000e-01
   1.5600000e-01
   1.5000000e-01
   1.4400000e-01
   1.3800000e-01
   1.3200000e-01
   1.2600000e-01
   1.2000000e-01
   1.1400000e-01
   1.0800000e-01
   1.0200000e-01
   9.6000000e-02
   9.0000000e-02
   8.4000000e-02
   7.8000000e-02
   7.2000000e-02
   6.6000000e-02
   6.0000000e-02
   5.4000000e-02
   4.8000000e-02
   4.2000000e-02
   3.6000000e-02
   3.0000000e-02
   2.4000000e-02
   1.8000000e-02
   1.2000000e-02
   6.0000000e-03
   0.0000000e+00
   0.0000000e+00
   0.0000000e+00
   0.0000000e+00
   0.0000000e+00
   0.0000000e+00
   0.0000000e+00
   0.0000000e+00
   0.0000000e+00
   0.0000000e+00
   0.0000000e+00
   0.0000000e+00
   0.0000000e+00
   0.0000000e+00
   0.0000000e+00
   0.0000000e+00
   0.0000000e+00
   0.0000000e+00
   0.0000000e+00
   0.0000000e+00
   0.0000000e+00
   0.0000000e+00
   0.0000000e+00
   0.0000000e+00
   0.0000000e+00
   0.0000000e+00
   0.0000000e+00
   0.0000000e+00
   0.0000000e+00
   0.0000000e+00
   0.0000000e+00
   0.0000000e+00
   0.0000000e+00
   0.0000000e+00
   0.0000000e+00
   0.0000000e+00
   0.0000000e+00
   0.0000000e+00
   0.0000000e+00
   0.0000000e+00
   0.0000000e+00
   0.0000000e+00
   0.0000000e+00
   0.0000000e+00
   0.0000000e+00
   0.0000000e+00
   0.0000000e+00
   0.0000000e+00
   0.0000000e+00
   0.0000000e+00
   0.0000000e+00
   8.0000000e-01
   8.0000000e-01
   8.0000000e-01
   8.0000000e-01
   8.0000000e-01
   8.0000000e-01
   8.0000000e-01
   8.0000000e-01
   8.0000000e-01
   8.0000000e-01
   8.0000000e-01
   8.0000000e-01
   8.0000000e-01
   8.0000000e-01
   8.0000000e-01
   8.0000000e-01
   8.0000000e-01
   8.0000000e-01
   8.0000000e-01
   8.0000000e-01
   8.0000000e-01
   8.0000000e-01
   8.0000000e-01
   8.0000000e-01
   8.0000000e-01
   8.0000000e-01
   8.0000000e-01
   8.0000000e-01
   8.0000000e-01
   8.0000000e-01
   8.0000000e-01
   8.0000000e-01
   8.0000000e-01
   8.0000000e-01
   8.0000000e-01
   8.0000000e-01
   8.0000000e-01
   8.0000000e-01
   8.0000000e-01
   8.0000000e-01
   8.0000000e-01
   8.0000000e-01
   8.0000000e-01
   8.0000000e-01
   8.0000000e-01
   8.0000000e-01
   8.0000000e-01
   8.0000000e-01
   8.0000000e-01
   8.0000000e-01
   8.0000000e-01
   8.0000000e-01
   8.0000000e-01
   8.0000000e-01
   8.0000000e-01
   8.0000000e-01
   8.0000000e-01
   8.0000000e-01
   8.0000000e-01
   8.0000000e-01
   8.0000000e-01
   8.0000000e-01
   8.0000000e-01
   8.0000000e-01
   8.0000000e-01
   8.0000000e-01
   8.0000000e-01
   8.0000000e-01
   8.0000000e-01
   8.0000000e-01
   8.0000000e-01
   8.0000000e-01
   8.0000000e-01
   8.0000000e-01
   8.0000000e-01
   8.0000000e-01
   8.0000000e-01
   8.0000000e-01
   8.0000000e-01
   8.0000000e-01
   8.0000000e-01
   8.0000000e-01
   8.0000000e-01
   8.0000000e-01
   8.0000000e-01
   8.0000000e-01
   8.0000000e-01
   8.0000000e-01
   8.0000000e-01
   8.0000000e-01
   8.0000000e-01
   8.0000000e-01
   8.0000000e-01
   8.0000000e-01
   8.0000000e-01
   8.0000000e-01
   8.0000000e-01
   8.0000000e-01
   8.0000000e-01
   8.0000000e-01
   8.0000000e-01
   8.0000000e-01
   8.0000000e-01
   8.0000000e-01
   8.0000000e-01
   8.0000000e-01
   8.0000000e-01
   8.0000000e-01
   8.0000000e-01
   8.0000000e-01
   8.0000000e-01
   8.0000000e-01
   8.0000000e-01
   8.0000000e-01
   8.0000000e-01
   8.0000000e-01
   8.0000000e-01
   8.0000000e-01
   8.0000000e-01
   8.0000000e-01
   8.0000000e-01
   8.0000000e-01
   8.0000000e-01
   8.0000000e-01
   8.0000000e-01
   8.0000000e-01
   8.0000000e-01
   8.0000000e-01
   8.0000000e-01
   8.0000000e-01
   8.0000000e-01
   8.0000000e-01
   8.0000000e-01
   8.0000000e-01
   8.0000000e-01
   8.0000000e-01
   8.0000000e-01
   8.0000000e-01
   8.0000000e-01
   8.0000000e-01
   8.0000000e-01
   8.0000000e-01
   8.0000000e-01
   8.0000000e-01
   8.0000000e-01
   8.0000000e-01
   8.0000000e-01
   8.0000000e-01
   8.0000000e-01
   8.0000000e-01
   8.0000000e-01
   8.0000000e-01
   8.0000000e-01
   8.0000000e-01
   8.0000000e-01
   8.0000000e-01
   8.0000000e-01
   8.0000000e-01
   8.0000000e-01
   8.0000000e-01
   8.0000000e-01
   8.0000000e-01
   8.0000000e-01
   8.0000000e-01
   8.0000000e-01
   8.0000000e-01
   8.0000000e-01
   8.0000000e-01
   8.0000000e-01
   8.0000000e-01
   8.0000000e-01
   8.0000000e-01
   8.0000000e-01
   8.0000000e-01
   8.0000000e-01
   8.0000000e-01
   8.0000000e-01
   8.0000000e-01
   8.0000000e-01
   8.0000000e-01
   8.0000000e-01
   8.0000000e-01
   8.0000000e-01
   8.0000000e-01
   8.0000000e-01
   8.0000000e-01
   8.0000000e-01
   8.0000000e-01
   8.0000000e-01
   8.0000000e-01
   8.0000000e-01
   8.0000000e-01
   8.0000000e-01
   8.0000000e-01
   8.0000000e-01
   8.0000000e-01
   8.0000000e-01
   8.0000000e-01
   8.0000000e-01
   8.0000000e-01
   8.0000000e-01
   8.0000000e-01
   8.0000000e-01
   8.0000000e-01
   8.0000000e-01
   8.0000000e-01
   8.0000000e-01
   8.0000000e-01
   8.0000000e-01
   8.0000000e-01
   8.0000000e-01
   8.0000000e-01
   8.0000000e-01
   8.0000000e-01
   8.0000000e-01
   8.0000000e-01
   8.0000000e-01
   8.0000000e-01
   8.0000000e-01
   8.0000000e-01
   8.0000000e-01
   8.0000000e-01
   8.0000000e-01
   8.0000000e-01
   8.0000000e-01
   8.0000000e-01
   8.0000000e-01
   8.0000000e-01
   8.0000000e-01
   8.0000000e-01
   8.0000000e-01
   8.0000000e-01
   8.0000000e-01
   8.0000000e-01
   8.0000000e-01
   8.0000000e-01
   8.0000000e-01
   8.0000000e-01
   8.0000000e-01
   8.0000000e-01
   8.0000000e-01
   8.0000000e-01
   8.0000000e-01
   8.0000000e-01
   8.0000000e-01
   8.0000000e-01
   8.0000000e-01
   8.0000000e-01
   8.0000000e-01
   8.0000000e-01
   8.0000000e-01
   8.0000000e-01
   8.0000000e-01
   8.0000000e-01
   8.0000000e-01
   8.0000000e-01
   8.0000000e-01
   8.0000000e-01
   8.0000000e-01
   8.0000000e-01
   8.0000000e-01
   8.0000000e-01
   8.0000000e-01
   8.0000000e-01
   8.0000000e-01
   8.0000000e-01
   8.0000000e-01
   8.0000000e-01
   8.0000000e-01
   8.0000000e-01
   8.0000000e-01
   8.0000000e-01
   8.0000000e-01
   8.0000000e-01
   8.0000000e-01
   8.0000000e-01
   8.0000000e-01
   8.0000000e-01
   8.0000000e-01
   8.0000000e-01
   8.0000000e-01
   8.0000000e-01
   8.0000000e-01
   8.0000000e-01
   8.0000000e-01
   8.0000000e-01
   8.0000000e-01
   8.0000000e-01
   8.0000000e-01
   8.0000000e-01
   8.0000000e-01
   8.0000000e-01
   8.0000000e-01
   8.0000000e-01
   8.0000000e-01
   8.0000000e-01
   8.0000000e-01
   8.0000000e-01
   8.0000000e-01
   8.0000000e-01
   8.0000000e-01
   8.0000000e-01
   8.0000000e-01
   8.0000000e-01
   8.0000000e-01
   8.0000000e-01
   8.0000000e-01
   8.0000000e-01
   8.0000000e-01
   8.0000000e-01
   8.0000000e-01
   8.0000000e-01
   8.0000000e-01
   8.0000000e-01
   8.0000000e-01
   8.0000000e-01
   8.0000000e-01
   8.0000000e-01
   8.0000000e-01
   8.0000000e-01
   8.0000000e-01
   8.0000000e-01
   8.0000000e-01
   8.0000000e-01
   8.0000000e-01
   8.0000000e-01
   8.0000000e-01
   8.0000000e-01
   8.0000000e-01
   8.0000000e-01
   8.0000000e-01
   8.0000000e-01
   8.0000000e-01
   8.0000000e-01
   8.0000000e-01
   8.0000000e-01
   8.0000000e-01
   8.0000000e-01
   8.0000000e-01
   8.0000000e-01
   8.0000000e-01
   8.0000000e-01
   8.0000000e-01
   8.0000000e-01
   8.0000000e-01
   8.0000000e-01
   8.0000000e-01
   8.0000000e-01
   8.0000000e-01
   8.0000000e-01
   8.0000000e-01
   8.0000000e-01
   8.0000000e-01
   8.0000000e-01
   8.0000000e-01
   8.0000000e-01
   8.0000000e-01
   8.0000000e-01
   8.0000000e-01
   8.0000000e-01
   8.0000000e-01
   8.0000000e-01
   8.0000000e-01
   8.0000000e-01
   8.0000000e-01
   8.0000000e-01
   8.0000000e-01
   8.0000000e-01
   8.0000000e-01
   8.0000000e-01
   8.0000000e-01
   8.0000000e-01
   8.0000000e-01
   8.0000000e-01
   8.0000000e-01
   8.0000000e-01
   8.0000000e-01
   8.0000000e-01
   8.0000000e-01
   8.0000000e-01
   8.0000000e-01
   8.0000000e-01
   8.0000000e-01
   8.0000000e-01
   8.0000000e-01
   8.0000000e-01
   8.0000000e-01
   8.0000000e-01
   8.0000000e-01
   8.0000000e-01
   8.0000000e-01
   8.0000000e-01
   8.0000000e-01
   8.0000000e-01
   8.0000000e-01
   8.0000000e-01
   8.0000000e-01
   8.0000000e-01
   8.0000000e-01
   8.0000000e-01
   8.0000000e-01
   8.0000000e-01
   8.0000000e-01
   8.0000000e-01
   8.0000000e-01
   8.0000000e-01
   8.0000000e-01
   8.0000000e-01
   8.0000000e-01
   8.0000000e-01
   8.0000000e-01
   8.0000000e-01
   8.0000000e-01
   8.0000000e-01
   8.0000000e-01
   8.0000000e-01
   8.0000000e-01
   8.0000000e-01
   8.0000000e-01
   8.0000000e-01
   8.0000000e-01
   8.0000000e-01
   8.0000000e-01
   8.0000000e-01
   8.0000000e-01
   8.0000000e-01
   8.0000000e-01
   8.0000000e-01
   8.0000000e-01
   8.0000000e-01
   8.0000000e-01
   8.0000000e-01
   8.0000000e-01
   8.0000000e-01
   8.0000000e-01
   8.0000000e-01
   8.0000000e-01
   8.0000000e-01
   8.0000000e-01
   8.0000000e-01
   8.0000000e-01
   8.0000000e-01
   8.0000000e-01
   8.0000000e-01
   8.0000000e-01
   8.0000000e-01
   8.0000000e-01
   8.0000000e-01
   8.0000000e-01
   8.0000000e-01
   8.0000000e-01
   8.0000000e-01
   8.0000000e-01
   8.0000000e-01
   8.0000000e-01
   8.0000000e-01
   8.0000000e-01
   8.0000000e-01
   8.0000000e-01
   8.0000000e-01
   8.0000000e-01
   8.0000000e-01
   8.0000000e-01
   8.0000000e-01
   8.0000000e-01
   8.0000000e-01
   8.0000000e-01
   8.0000000e-01
   8.0000000e-01
   8.0000000e-01
   8.0000000e-01
   8.0000000e-01
   8.0000000e-01
   8.0000000e-01
   8.0000000e-01
   8.0000000e-01
   8.0000000e-01
   8.0000000e-01
   8.0000000e-01
   8.0000000e-01
   8.0000000e-01
   8.0000000e-01
   8.0000000e-01
   8.0000000e-01
   8.0000000e-01
   8.0000000e-01
   8.0000000e-01
   8.0000000e-01
   8.0000000e-01
   8.0000000e-01
   8.0000000e-01
   8.0000000e-01
   8.0000000e-01
   8.0000000e-01
   8.0000000e-01
   8.0000000e-01
   8.0000000e-01
   8.0000000e-01
   8.0000000e-01
   0.0000000e+00
   0.0000000e+00
   0.0000000e+00
   0.0000000e+00
   0.0000000e+00
   0.0000000e+00
   0.0000000e+00
   0.0000000e+00
   0.0000000e+00
   0.0000000e+00
   0.0000000e+00
   0.0000000e+00
   0.0000000e+00
   0.0000000e+00
   0.0000000e+00
   0.0000000e+00
   0.0000000e+00
   0.0000000e+00
   0.0000000e+00
   0.0000000e+00
   0.0000000e+00
   0.0000000e+00
   0.0000000e+00
   0.0000000e+00
   0.0000000e+00
   0.0000000e+00
   0.0000000e+00
   0.0000000e+00
   0.0000000e+00
   0.0000000e+00
   0.0000000e+00
   0.0000000e+00
   0.0000000e+00
   0.0000000e+00
   0.0000000e+00
   0.0000000e+00
   0.0000000e+00
   0.0000000e+00
   0.0000000e+00
   0.0000000e+00
   0.0000000e+00
   0.0000000e+00
   0.0000000e+00
   0.0000000e+00
   0.0000000e+00
   0.0000000e+00
   0.0000000e+00
   0.0000000e+00
   0.0000000e+00
   0.0000000e+00
   0.0000000e+00
   4.0000000e-03
   8.0000000e-03
   1.2000000e-02
   1.6000000e-02
   2.0000000e-02
   2.4000000e-02
   2.8000000e-02
   3.2000000e-02
   3.6000000e-02
   4.0000000e-02
   4.4000000e-02
   4.8000000e-02
   5.2000000e-02
   5.6000000e-02
   6.0000000e-02
   6.4000000e-02
   6.8000000e-02
   7.2000000e-02
   7.6000000e-02
   8.0000000e-02
   8.4000000e-02
   8.8000000e-02
   9.2000000e-02
   9.6000000e-02
   1.0000000e-01
   1.0400000e-01
   1.0800000e-01
   1.1200000e-01
   1.1600000e-01
   1.2000000e-01
   1.2400000e-01
   1.2800000e-01
   1.3200000e-01
   1.3600000e-01
   1.4000000e-01
   1.4400000e-01
   1.4800000e-01
   1.5200000e-01
   1.5600000e-01
   1.6000000e-01
   1.6400000e-01
   1.6800000e-01
   1.7200000e-01
   1.7600000e-01
   1.8000000e-01
   1.8400000e-01
   1.8800000e-01
   1.9200000e-01
   1.9600000e-01
   2.0000000e-01
   2.0400000e-01
   2.0800000e-01
   2.1200000e-01
   2.1600000e-01
   2.2000000e-01
   2.2400000e-01
   2.2800000e-01
   2.3200000e-01
   2.3600000e-01
   2.4000000e-01
   2.4400000e-01
   2.4800000e-01
   2.5200000e-01
   2.5600000e-01
   2.6000000e-01
   2.6400000e-01
   2.6800000e-01
   2.7200000e-01
   2.7600000e-01
   2.8000000e-01
   2.8400000e-01
   2.8800000e-01
   2.9200000e-01
   2.9600000e-01
   3.0000000e-01
   3.0400000e-01
   3.0800000e-01
   3.1200000e-01
   3.1600000e-01
   3.2000000e-01
   3.2400000e-01
   3.2800000e-01
   3.3200000e-01
   3.3600000e-01
   3.4000000e-01
   3.4400000e-01
   3.4800000e-01
   3.5200000e-01
   3.5600000e-01
   3.6000000e-01
   3.6400000e-01
   3.6800000e-01
   3.7200000e-01
   3.7600000e-01
   3.8000000e-01
   3.8400000e-01
   3.8800000e-01
   3.9200000e-01
   3.9600000e-01
   4.0000000e-01
   4.0400000e-01
   4.0800000e-01
   4.1200000e-01
   4.1600000e-01
   4.2000000e-01
   4.2400000e-01
   4.2800000e-01
   4.3200000e-01
   4.3600000e-01
   4.4000000e-01
   4.4400000e-01
   4.4800000e-01
   4.5200000e-01
   4.5600000e-01
   4.6000000e-01
   4.6400000e-01
   4.6800000e-01
   4.7200000e-01
   4.7600000e-01
   4.8000000e-01
   4.8400000e-01
   4.8800000e-01
   4.9200000e-01
   4.9600000e-01
   5.0000000e-01
   5.0400000e-01
   5.0800000e-01
   5.1200000e-01
   5.1600000e-01
   5.2000000e-01
   5.2400000e-01
   5.2800000e-01
   5.3200000e-01
   5.3600000e-01
   5.4000000e-01
   5.4400000e-01
   5.4800000e-01
   5.5200000e-01
   5.5600000e-01
   5.6000000e-01
   5.6400000e-01
   5.6800000e-01
   5.7200000e-01
   5.7600000e-01
   5.8000000e-01
   5.8400000e-01
   5.8800000e-01
   5.9200000e-01
   5.9600000e-01
   6.0000000e-01
   6.0400000e-01
   6.0800000e-01
   6.1200000e-01
   6.1600000e-01
   6.2000000e-01
   6.2400000e-01
   6.2800000e-01
   6.3200000e-01
   6.3600000e-01
   6.4000000e-01
   6.4400000e-01
   6.4800000e-01
   6.5200000e-01
   6.5600000e-01
   6.6000000e-01
   6.6400000e-01
   6.6800000e-01
   6.7200000e-01
   6.7600000e-01
   6.8000000e-01
   6.8400000e-01
   6.8800000e-01
   6.9200000e-01
   6.9600000e-01
   7.0000000e-01
   7.0400000e-01
   7.0800000e-01
   7.1200000e-01
   7.1600000e-01
   7.2000000e-01
   7.2400000e-01
   7.2800000e-01
   7.3200000e-01
   7.3600000e-01
   7.4000000e-01
   7.4400000e-01
   7.4800000e-01
   7.5200000e-01
   7.5600000e-01
   7.6000000e-01
   7.6400000e-01
   7.6800000e-01
   7.7200000e-01
   7.7600000e-01
   7.8000000e-01
   7.8400000e-01
   7.8800000e-01
   7.9200000e-01
   7.9600000e-01
   8.0000000e-01
   8.0400000e-01
   8.0800000e-01
   8.1200000e-01
   8.1600000e-01
   8.2000000e-01
   8.2400000e-01
   8.2800000e-01
   8.3200000e-01
   8.3600000e-01
   8.4000000e-01
   8.4400000e-01
   8.4800000e-01
   8.5200000e-01
   8.5600000e-01
   8.6000000e-01
   8.6400000e-01
   8.6800000e-01
   8.7200000e-01
   8.7600000e-01
   8.8000000e-01
   8.8400000e-01
   8.8800000e-01
   8.9200000e-01
   8.9600000e-01
   9.0000000e-01
   9.0400000e-01
   9.0800000e-01
   9.1200000e-01
   9.1600000e-01
   9.2000000e-01
   9.2400000e-01
   9.2800000e-01
   9.3200000e-01
   9.3600000e-01
   9.4000000e-01
   9.4400000e-01
   9.4800000e-01
   9.5200000e-01
   9.5600000e-01
   9.6000000e-01
   9.6400000e-01
   9.6800000e-01
   9.7200000e-01
   9.7600000e-01
   9.8000000e-01
   9.8400000e-01
   9.8800000e-01
   9.9200000e-01
   9.9600000e-01
   1.0000000e+00
   1.0040000e+00
   1.0080000e+00
   1.0120000e+00
   1.0160000e+00
   1.0200000e+00
   1.0240000e+00
   1.0280000e+00
   1.0320000e+00
   1.0360000e+00
   1.0400000e+00
   1.0440000e+00
   1.0480000e+00
   1.0520000e+00
   1.0560000e+00
   1.0600000e+00
   1.0640000e+00
   1.0680000e+00
   1.0720000e+00
   1.0760000e+00
   1.0800000e+00
   1.0840000e+00
   1.0880000e+00
   1.0920000e+00
   1.0960000e+00
   1.1000000e+00
   1.1040000e+00
   1.1080000e+00
   1.1120000e+00
   1.1160000e+00
   1.1200000e+00
   1.1240000e+00
   1.1280000e+00
   1.1320000e+00
   1.1360000e+00
   1.1400000e+00
   1.1440000e+00
   1.1480000e+00
   1.1520000e+00
   1.1560000e+00
   1.1600000e+00
   1.1640000e+00
   1.1680000e+00
   1.1720000e+00
   1.1760000e+00
   1.1800000e+00
   1.1840000e+00
   1.1880000e+00
   1.1920000e+00
   1.1960000e+00
   0.0000000e+00
   4.0000000e-03
   8.0000000e-03
   1.2000000e-02
   1.6000000e-02
   2.0000000e-02
   2.4000000e-02
   2.8000000e-02
   3.2000000e-02
   3.6000000e-02
   4.0000000e-02
   4.4000000e-02
   4.8000000e-02
   5.2000000e-02
   5.6000000e-02
   6.0000000e-02
   6.4000000e-02
   6.8000000e-02
   7.2000000e-02
   7.6000000e-02
   8.0000000e-02
   8.4000000e-02
   8.8000000e-02
   9.2000000e-02
   9.6000000e-02
   1.0000000e-01
   1.0400000e-01
   1.0800000e-01
   1.1200000e-01
   1.1600000e-01
   1.2000000e-01
   1.2400000e-01
   1.2800000e-01
   1.3200000e-01
   1.3600000e-01
   1.4000000e-01
   1.4400000e-01
   1.4800000e-01
   1.5200000e-01
   1.5600000e-01
   1.6000000e-01
   1.6400000e-01
   1.6800000e-01
   1.7200000e-01
   1.7600000e-01
   1.8000000e-01
   1.8400000e-01
   1.8800000e-01
   1.9200000e-01
   1.9600000e-01
   2.0000000e-01
   2.0400000e-01
   2.0800000e-01
   2.1200000e-01
   2.1600000e-01
   2.2000000e-01
   2.2400000e-01
   2.2800000e-01
   2.3200000e-01
   2.3600000e-01
   2.4000000e-01
   2.4400000e-01
   2.4800000e-01
   2.5200000e-01
   2.5600000e-01
   2.6000000e-01
   2.6400000e-01
   2.6800000e-01
   2.7200000e-01
   2.7600000e-01
   2.8000000e-01
   2.8400000e-01
   2.8800000e-01
   2.9200000e-01
   2.9600000e-01
   3.0000000e-01
   3.0400000e-01
   3.0800000e-01
   3.1200000e-01
   3.1600000e-01
   3.2000000e-01
   3.2400000e-01
   3.2800000e-01
   3.3200000e-01
   3.3600000e-01
   3.4000000e-01
   3.4400000e-01
   3.4800000e-01
   3.5200000e-01
   3.5600000e-01
   3.6000000e-01
   3.6400000e-01
   3.6800000e-01
   3.7200000e-01
   3.7600000e-01
   3.8000000e-01
   3.8400000e-01
   3.8800000e-01
   3.9200000e-01
   3.9600000e-01
   4.0000000e-01
   4.0400000e-01
   4.0800000e-01
   4.1200000e-01
   4.1600000e-01
   4.2000000e-01
   4.2400000e-01
   4.2800000e-01
   4.3200000e-01
   4.3600000e-01
   4.4000000e-01
   4.4400000e-01
   4.4800000e-01
   4.5200000e-01
   4.5600000e-01
   4.6000000e-01
   4.6400000e-01
   4.6800000e-01
   4.7200000e-01
   4.7600000e-01
   4.8000000e-01
   4.8400000e-01
   4.8800000e-01
   4.9200000e-01
   4.9600000e-01
   5.0000000e-01
   5.0400000e-01
   5.0800000e-01
   5.1200000e-01
   5.1600000e-01
   5.2000000e-01
   5.2400000e-01
   5.2800000e-01
   5.3200000e-01
   5.3600000e-01
   5.4000000e-01
   5.4400000e-01
   5.4800000e-01
   5.5200000e-01
   5.5600000e-01
   5.6000000e-01
   5.6400000e-01
   5.6800000e-01
   5.7200000e-01
   5.7600000e-01
   5.8000000e-01
   5.8400000e-01
   5.8800000e-01
   5.9200000e-01
   5.9600000e-01
   6.0000000e-01
   6.0400000e-01
   6.0800000e-01
   6.1200000e-01
   6.1600000e-01
   6.2000000e-01
   6.2400000e-01
   6.2800000e-01
   6.3200000e-01
   6.3600000e-01
   6.4000000e-01
   6.4400000e-01
   6.4800000e-01
   6.5200000e-01
   6.5600000e-01
   6.6000000e-01
   6.6400000e-01
   6.6800000e-01
   6.7200000e-01
   6.7600000e-01
   6.8000000e-01
   6.8400000e-01
   6.8800000e-01
   6.9200000e-01
   6.9600000e-01
   7.0000000e-01
   7.0400000e-01
   7.0800000e-01
   7.1200000e-01
   7.1600000e-01
   7.2000000e-01
   7.2400000e-01
   7.2800000e-01
   7.3200000e-01
   7.3600000e-01
   7.4000000e-01
   7.4400000e-01
   7.4800000e-01
   7.5200000e-01
   7.5600000e-01
   7.6000000e-01
   7.6400000e-01
   7.6800000e-01
   7.7200000e-01
   7.7600000e-01
   7.8000000e-01
   7.8400000e-01
   7.8800000e-01
   7.9200000e-01
   7.9600000e-01
   8.0000000e-01
   8.0400000e-01
   8.0800000e-01
   8.1200000e-01
   8.1600000e-01
   8.2000000e-01
   8.2400000e-01
   8.2800000e-01
   8.3200000e-01
   8.3600000e-01
   8.4000000e-01
   8.4400000e-01
   8.4800000e-01
   8.5200000e-01
   8.5600000e-01
   8.6000000e-01
   8.6400000e-01
   8.6800000e-01
   8.7200000e-01
   8.7600000e-01
   8.8000000e-01
   8.8400000e-01
   8.8800000e-01
   8.9200000e-01
   8.9600000e-01
   9.0000000e-01
   9.0400000e-01
   9.0800000e-01
   9.1200000e-01
   9.1600000e-01
   9.2000000e-01
   9.2400000e-01
   9.2800000e-01
   9.3200000e-01
   9.3600000e-01
   9.4000000e-01
   9.4400000e-01
   9.4800000e-01
   9.5200000e-01
   9.5600000e-01
   9.6000000e-01
   9.6400000e-01
   9.6800000e-01
   9.7200000e-01
   9.7600000e-01
   9.8000000e-01
   9.8400000e-01
   9.8800000e-01
   9.9200000e-01
   9.9600000e-01
   1.0000000e+00
   1.0040000e+00
   1.0080000e+00
   1.0120000e+00
   1.0160000e+00
   1.0200000e+00
   1.0240000e+00
   1.0280000e+00
   1.0320000e+00
   1.0360000e+00
   1.0400000e+00
   1.0440000e+00
   1.0480000e+00
   1.0520000e+00
   1.0560000e+00
   1.0600000e+00
   1.0640000e+00
   1.0680000e+00
   1.0720000e+00
   1.0760000e+00
   1.0800000e+00
   1.0840000e+00
   1.0880000e+00
   1.0920000e+00
   1.0960000e+00
   1.1000000e+00
   1.1040000e+00
   1.1080000e+00
   1.1120000e+00
   1.1160000e+00
   1.1200000e+00
   1.1240000e+00
   1.1280000e+00
   1.1320000e+00
   1.1360000e+00
   1.1400000e+00
   1.1440000e+00
   1.1480000e+00
   1.1520000e+00
   1.1560000e+00
   1.1600000e+00
   1.1640000e+00
   1.1680000e+00
   1.1720000e+00
   1.1760000e+00
   1.1800000e+00
   1.1840000e+00
   1.1880000e+00
   1.1920000e+00
   1.1960000e+00
   0.0000000e+00
   4.0000000e-03
   8.0000000e-03
   1.2000000e-02
   1.6000000e-02
   2.0000000e-02
   2.4000000e-02
   2.8000000e-02
   3.2000000e-02
   3.6000000e-02
   4.0000000e-02
   4.4000000e-02
   4.8000000e-02
   5.2000000e-02
   5.6000000e-02
   6.0000000e-02
   6.4000000e-02
   6.8000000e-02
   7.2000000e-02
   7.6000000e-02
   8.0000000e-02
   8.4000000e-02
   8.8000000e-02
   9.2000000e-02
   9.6000000e-02
   1.0000000e-01
   1.0400000e-01
   1.0800000e-01
   1.1200000e-01
   1.1600000e-01
   1.2000000e-01
   1.2400000e-01
   1.2800000e-01
   1.3200000e-01
   1.3600000e-01
   1.4000000e-01
   1.4400000e-01
   1.4800000e-01
   1.5200000e-01
   1.5600000e-01
   1.6000000e-01
   1.6400000e-01
   1.6800000e-01
   1.7200000e-01
   1.7600000e-01
   1.8000000e-01
   1.8400000e-01
   1.8800000e-01
   1.9200000e-01
   1.9600000e-01
   2.0000000e-01
   2.0400000e-01
   2.0800000e-01
   2.1200000e-01
   2.1600000e-01
   2.2000000e-01
   2.2400000e-01
   2.2800000e-01
   2.3200000e-01
   2.3600000e-01
   2.4000000e-01
   2.4400000e-01
   2.4800000e-01
   2.5200000e-01
   2.5600000e-01
   2.6000000e-01
   2.6400000e-01
   2.6800000e-01
   2.7200000e-01
   2.7600000e-01
   2.8000000e-01
   2.8400000e-01
   2.8800000e-01
   2.9200000e-01
   2.9600000e-01
   3.0000000e-01
   3.0400000e-01
   3.0800000e-01
   3.1200000e-01
   3.1600000e-01
   3.2000000e-01
   3.2400000e-01
   3.2800000e-01
   3.3200000e-01
   3.3600000e-01
   3.4000000e-01
   3.4400000e-01
   3.4800000e-01
   3.5200000e-01
   3.5600000e-01
   3.6000000e-01
   3.6400000e-01
   3.6800000e-01
   3.7200000e-01
   3.7600000e-01
   3.8000000e-01
   3.8400000e-01
   3.8800000e-01
   3.9200000e-01
   3.9600000e-01
   4.0000000e-01
   4.0400000e-01
   4.0800000e-01
   4.1200000e-01
   4.1600000e-01
   4.2000000e-01
   4.2400000e-01
   4.2800000e-01
   4.3200000e-01
   4.3600000e-01
   4.4000000e-01
   4.4400000e-01
   4.4800000e-01
   4.5200000e-01
   4.5600000e-01
   4.6000000e-01
   4.6400000e-01
   4.6800000e-01
   4.7200000e-01
   4.7600000e-01
   4.8000000e-01
   4.8400000e-01
   4.8800000e-01
   4.9200000e-01
   4.9600000e-01
   5.0000000e-01
   5.0400000e-01
   5.0800000e-01
   5.1200000e-01
   5.1600000e-01
   5.2000000e-01
   5.2400000e-01
   5.2800000e-01
   5.3200000e-01
   5.3600000e-01
   5.4000000e-01
   5.4400000e-01
   5.4800000e-01
   5.5200000e-01
   5.5600000e-01
   5.6000000e-01
   5.6400000e-01
   5.6800000e-01
   5.7200000e-01
   5.7600000e-01
   5.8000000e-01
   5.8400000e-01
   5.8800000e-01
   5.9200000e-01
   5.9600000e-01
   6.0000000e-01
   6.0400000e-01
   6.0800000e-01
   6.1200000e-01
   6.1600000e-01
   6.2000000e-01
   6.2400000e-01
   6.2800000e-01
   6.3200000e-01
   6.3600000e-01
   6.4000000e-01
   6.4400000e-01
   6.4800000e-01
   6.5200000e-01
   6.5600000e-01
   6.6000000e-01
   6.6400000e-01
   6.6800000e-01
   6.7200000e-01
   6.7600000e-01
   6.8000000e-01
   6.8400000e-01
   6.8800000e-01
   6.9200000e-01
   6.9600000e-01
   7.0000000e-01
   7.0400000e-01
   7.0800000e-01
   7.1200000e-01
   7.1600000e-01
   7.2000000e-01
   7.2400000e-01
   7.2800000e-01
   7.3200000e-01
   7.3600000e-01
   7.4000000e-01
   7.4400000e-01
   7.4800000e-01
   7.5200000e-01
   7.5600000e-01
   7.6000000e-01
   7.6400000e-01
   7.6800000e-01
   7.7200000e-01
   7.7600000e-01
   7.8000000e-01
   7.8400000e-01
   7.8800000e-01
   7.9200000e-01
   7.9600000e-01
   8.0000000e-01
   8.0400000e-01
   8.0800000e-01
   8.1200000e-01
   8.1600000e-01
   8.2000000e-01
   8.2400000e-01
   8.2800000e-01
   8.3200000e-01
   8.3600000e-01
   8.4000000e-01
   8.4400000e-01
   8.4800000e-01
   8.5200000e-01
   8.5600000e-01
   8.6000000e-01
   8.6400000e-01
   8.6800000e-01
   8.7200000e-01
   8.7600000e-01
   8.8000000e-01
   8.8400000e-01
   8.8800000e-01
   8.9200000e-01
   8.9600000e-01
   9.0000000e-01
   9.0400000e-01
   9.0800000e-01
   9.1200000e-01
   9.1600000e-01
   9.2000000e-01
   9.2400000e-01
   9.2800000e-01
   9.3200000e-01
   9.3600000e-01
   9.4000000e-01
   9.4400000e-01
   9.4800000e-01
   9.5200000e-01
   9.5600000e-01
   9.6000000e-01
   9.6400000e-01
   9.6800000e-01
   9.7200000e-01
   9.7600000e-01
   9.8000000e-01
   9.8400000e-01
   9.8800000e-01
   9.9200000e-01
   9.9600000e-01
   1.0000000e+00
   1.0040000e+00
   1.0080000e+00
   1.0120000e+00
   1.0160000e+00
   1.0200000e+00
   1.0240000e+00
   1.0280000e+00
   1.0320000e+00
   1.0360000e+00
   1.0400000e+00
   1.0440000e+00
   1.0480000e+00
   1.0520000e+00
   1.0560000e+00
   1.0600000e+00
   1.0640000e+00
   1.0680000e+00
   1.0720000e+00
   1.0760000e+00
   1.0800000e+00
   1.0840000e+00
   1.0880000e+00
   1.0920000e+00
   1.0960000e+00
   1.1000000e+00
   1.1040000e+00
   1.1080000e+00
   1.1120000e+00
   1.1160000e+00
   1.1200000e+00
   1.1240000e+00
   1.1280000e+00
   1.1320000e+00
   1.1360000e+00
   1.1400000e+00
   1.1440000e+00
   1.1480000e+00
   1.1520000e+00
   1.1560000e+00
   1.1600000e+00
   1.1640000e+00
   1.1680000e+00
   1.1720000e+00
   1.1760000e+00
   1.1800000e+00
   1.1840000e+00
   1.1880000e+00
   1.1920000e+00
   1.1960000e+00
   0.0000000e+00
   0.0000000e+00
   0.0000000e+00
   0.0000000e+00
   0.0000000e+00
   0.0000000e+00
   0.0000000e+00
   0.0000000e+00
   0.0000000e+00
   0.0000000e+00
   0.0000000e+00
   0.0000000e+00
   0.0000000e+00
   0.0000000e+00
   0.0000000e+00
   0.0000000e+00
   0.0000000e+00
   0.0000000e+00
   0.0000000e+00
   0.0000000e+00
   0.0000000e+00
   0.0000000e+00
   0.0000000e+00
   0.0000000e+00
   0.0000000e+00
   0.0000000e+00
   0.0000000e+00
   0.0000000e+00
   0.0000000e+00
   0.0000000e+00
   0.0000000e+00
   0.0000000e+00
   0.0000000e+00
   0.0000000e+00
   0.0000000e+00
   0.0000000e+00
   0.0000000e+00
   0.0000000e+00
   0.0000000e+00
   0.0000000e+00
   0.0000000e+00
   0.0000000e+00
   0.0000000e+00
   0.0000000e+00
   0.0000000e+00
   0.0000000e+00
   0.0000000e+00
   0.0000000e+00
   0.0000000e+00
   0.0000000e+00
   0.0000000e+00
   2.2652956e-03
   2.3456329e-03
   2.4285765e-03
   2.5142016e-03
   2.6025853e-03
   2.6938066e-03
   2.7879464e-03
   2.8850876e-03
   2.9853150e-03
   3.0887154e-03
   3.1953776e-03
   3.3053927e-03
   3.4188536e-03
   3.5358555e-03
   3.6564959e-03
   3.7808743e-03
   3.9090926e-03
   4.0412550e-03
   4.1774678e-03
   4.3178400e-03
   4.4624827e-03
   4.6115097e-03
   4.7650369e-03
   4.9231830e-03
   5.0860692e-03
   5.2538192e-03
   5.4265593e-03
   5.6044184e-03
   5.7875281e-03
   5.9760229e-03
   6.1700397e-03
   6.3697185e-03
   6.5752019e-03
   6.7866353e-03
   7.0041671e-03
   7.2279487e-03
   7.4581342e-03
   7.6948808e-03
   7.9383487e-03
   8.1887010e-03
   8.4461041e-03
   8.7107272e-03
   8.9827429e-03
   9.2623267e-03
   9.5496574e-03
   9.8449170e-03
   1.0148291e-02
   1.0459967e-02
   1.0780137e-02
   1.1108997e-02
   1.1446743e-02
   1.1793580e-02
   1.2149710e-02
   1.2515342e-02
   1.2890689e-02
   1.3275965e-02
   1.3671389e-02
   1.4077183e-02
   1.4493573e-02
   1.4920786e-02
   1.5359056e-02
   1.5808619e-02
   1.6269713e-02
   1.6742582e-02
   1.7227471e-02
   1.7724631e-02
   1.8234315e-02
   1.8756780e-02
   1.9292285e-02
   1.9841095e-02
   2.0403476e-02
   2.0979699e-02
   2.1570039e-02
   2.2174773e-02
   2.2794181e-02
   2.3428548e-02
   2.4078162e-02
   2.4743313e-02
   2.5424297e-02
   2.6121410e-02
   2.6834954e-02
   2.7565232e-02
   2.8312553e-02
   2.9077227e-02
   2.9859567e-02
   3.0659890e-02
   3.1478516e-02
   3.2315768e-02
   3.3171971e-02
   3.4047455e-02
   3.4942550e-02
   3.5857591e-02
   3.6792914e-02
   3.7748860e-02
   3.8725770e-02
   3.9723990e-02
   4.0743865e-02
   4.1785746e-02
   4.2849984e-02
   4.3936934e-02
   4.5046950e-02
   4.6180391e-02
   4.7337618e-02
   4.8518991e-02
   4.9724873e-02
   5.0955631e-02
   5.2211631e-02
   5.3493239e-02
   5.4800827e-02
   5.6134763e-02
   5.7495419e-02
   5.8883168e-02
   6.0298382e-02
   6.1741436e-02
   6.3212703e-02
   6.4712558e-02
   6.6241376e-02
   6.7799531e-02
   6.9387399e-02
   7.1005354e-02
   7.2653770e-02
   7.4333021e-02
   7.6043480e-02
   7.7785519e-02
   7.9559509e-02
   8.1365820e-02
   8.3204820e-02
   8.5076877e-02
   8.6982355e-02
   8.8921617e-02
   9.0895026e-02
   9.2902939e-02
   9.4945712e-02
   9.7023700e-02
   9.9137253e-02
   1.0128672e-01
   1.0347244e-01
   1.0569476e-01
   1.0795401e-01
   1.1025053e-01
   1.1258464e-01
   1.1495667e-01
   1.1736694e-01
   1.1981577e-01
   1.2230345e-01
   1.2483031e-01
   1.2739663e-01
   1.3000271e-01
   1.3264883e-01
   1.3533528e-01
   1.3806233e-01
   1.4083025e-01
   1.4363930e-01
   1.4648972e-01
   1.4938178e-01
   1.5231569e-01
   1.5529170e-01
   1.5831002e-01
   1.6137087e-01
   1.6447446e-01
   1.6762097e-01
   1.7081059e-01
   1.7404350e-01
   1.7731987e-01
   1.8063985e-01
   1.8400359e-01
   1.8741123e-01
   1.9086288e-01
   1.9435867e-01
   1.9789870e-01
   2.0148305e-01
   2.0511182e-01
   2.0878506e-01
   2.1250282e-01
   2.1626517e-01
   2.2007211e-01
   2.2392368e-01
   2.2781987e-01
   2.3176068e-01
   2.3574608e-01
   2.3977603e-01
   2.4385049e-01
   2.4796938e-01
   2.5213264e-01
   2.5634015e-01
   2.6059182e-01
   2.6488752e-01
   2.6922710e-01
   2.7361042e-01
   2.7803730e-01
   2.8250755e-01
   2.8702097e-01
   2.9157734e-01
   2.9617642e-01
   3.0081795e-01
   3.0550168e-01
   3.1022731e-01
   3.1499453e-01
   3.1980303e-01
   3.2465247e-01
   3.2954248e-01
   3.3447271e-01
   3.3944274e-01
   3.4445218e-01
   3.4950060e-01
   3.5458755e-01
   3.5971256e-01
   3.6487516e-01
   3.7007485e-01
   3.7531110e-01
   3.8058338e-01
   3.8589113e-01
   3.9123378e-01
   3.9661073e-01
   4.0202138e-01
   4.0746510e-01
   4.1294123e-01
   4.1844911e-01
   4.2398805e-01
   4.2955736e-01
   4.3515630e-01
   4.4078414e-01
   4.4644012e-01
   4.5212346e-01
   4.5783336e-01
   4.6356902e-01
   4.6932959e-01
   4.7511424e-01
   4.8092209e-01
   4.8675226e-01
   4.9260384e-01
   4.9847592e-01
   5.0436756e-01
   5.1027780e-01
   5.1620567e-01
   5.2215020e-01
   5.2811036e-01
   5.3408515e-01
   5.4007352e-01
   5.4607443e-01
   5.5208680e-01
   5.5810956e-01
   5.6414160e-01
   5.7018181e-01
   5.7622907e-01
   5.8228224e-01
   5.8834016e-01
   5.9440166e-01
   6.0046555e-01
   6.0653066e-01
   6.1259576e-01
   6.1865965e-01
   6.2472108e-01
   6.3077882e-01
   6.3683161e-01
   6.4287820e-01
   6.4891730e-01
   6.5494763e-01
   6.6096790e-01
   6.6697681e-01
   6.7297305e-01
   6.7895529e-01
   6.8492222e-01
   6.9087249e-01
   6.9680478e-01
   7.0271772e-01
   7.0860998e-01
   7.1448020e-01
   7.2032700e-01
   7.2614904e-01
   7.3194493e-01
   7.3771331e-01
   7.4345280e-01
   7.4916202e-01
   7.5483960e-01
   7.6048416e-01
   7.6609431e-01
   7.7166867e-01
   7.7720588e-01
   7.8270454e-01
   7.8816328e-01
   7.9358073e-01
   7.9895552e-01
   8.0428628e-01
   8.0957165e-01
   8.1481026e-01
   8.2000077e-01
   8.2514182e-01
   8.3023208e-01
   8.3527021e-01
   8.4025488e-01
   8.4518478e-01
   8.5005859e-01
   8.5487502e-01
   8.5963276e-01
   8.6433055e-01
   8.6896711e-01
   8.7354119e-01
   8.7805153e-01
   8.8249690e-01
   8.8687609e-01
   8.9118789e-01
   8.9543110e-01
   8.9960455e-01
   9.0370708e-01
   9.0773754e-01
   9.1169479e-01
   9.1557774e-01
   9.1938529e-01
   9.2311635e-01
   9.2676987e-01
   9.3034481e-01
   9.3384015e-01
   9.3725490e-01
   9.4058806e-01
   9.4383870e-01
   9.4700586e-01
   9.5008863e-01
   9.5308613e-01
   9.5599748e-01
   9.5882184e-01
   9.6155838e-01
   9.6420630e-01
   9.6676484e-01
   9.6923323e-01
   9.7161077e-01
   9.7389674e-01
   9.7609047e-01
   9.7819132e-01
   9.8019867e-01
   9.8211193e-01
   9.8393051e-01
   9.8565390e-01
   9.8728157e-01
   9.8881304e-01
   9.9024786e-01
   9.9158560e-01
   9.9282586e-01
   9.9396826e-01
   9.9501248e-01
   9.9595819e-01
   9.9680511e-01
   9.9755300e-01
   9.9820162e-01
   9.9875078e-01
   9.9920032e-01
   9.9955010e-01
   9.9980002e-01
   9.9995000e-01
   1.0000000e+00
   9.9995000e-01
   9.9980002e-01
   9.9955010e-01
   9.9920032e-01
   9.9875078e-01
   9.9820162e-01
   9.9755300e-01
   9.9680511e-01
   9.9595819e-01
   9.9501248e-01
   9.9396826e-01
   9.9282586e-01
   9.9158560e-01
   9.9024786e-01
   9.8881304e-01
   9.8728157e-01
   9.8565390e-01
   9.8393051e-01
   9.8211193e-01
   9.8019867e-01
   9.7819132e-01
   9.7609047e-01
   9.7389674e-01
   9.7161077e-01
   9.6923323e-01
   9.6676484e-01
   9.6420630e-01
   9.6155838e-01
   9.5882184e-01
   9.5599748e-01
   9.5308613e-01
   9.5008863e-01
   9.4700586e-01
   9.4383870e-01
   9.4058806e-01
   9.3725490e-01
   9.3384015e-01
   9.3034481e-01
   9.2676987e-01
   9.2311635e-01
   9.1938529e-01
   9.1557774e-01
   9.1169479e-01
   9.0773754e-01
   9.0370708e-01
   8.9960455e-01
   8.9543110e-01
   8.9118789e-01
   8.8687609e-01
   8.8249690e-01
   8.7805153e-01
   8.7354119e-01
   8.6896711e-01
   8.6433055e-01
   8.5963276e-01
   8.5487502e-01
   8.5005859e-01
   8.4518478e-01
   8.4025488e-01
   8.3527021e-01
   8.3023208e-01
   8.2514182e-01
   8.2000077e-01
   8.1481026e-01
   8.0957165e-01
   8.0428628e-01
   7.9895552e-01
   7.9358073e-01
   7.8816328e-01
   7.8270454e-01
   7.7720588e-01
   7.7166867e-01
   7.6609431e-01
   7.6048416e-01
   7.5483960e-01
   7.4916202e-01
   7.4345280e-01
   7.3771331e-01
   7.3194493e-01
   7.2614904e-01
   7.2032700e-01
   7.1448020e-01
   7.0860998e-01
   7.0271772e-01
   6.9680478e-01
   6.9087249e-01
   6.8492222e-01
   6.7895529e-01
   6.7297305e-01
   6.6697681e-01
   6.6096790e-01
   6.5494763e-01
   6.4891730e-01
   6.4287820e-01
   6.3683161e-01
   6.3077882e-01
   6.2472108e-01
   6.1865965e-01
   6.1259576e-01
   6.0653066e-01
   6.0046555e-01
   5.9440166e-01
   5.8834016e-01
   5.8228224e-01
   5.7622907e-01
   5.7018181e-01
   5.6414160e-01
   5.5810956e-01
   5.5208680e-01
   5.4607443e-01
   5.4007352e-01
   5.3408515e-01
   5.2811036e-01
   5.2215020e-01
   5.1620567e-01
   5.1027780e-01
   5.0436756e-01
   4.9847592e-01
   4.9260384e-01
   4.8675226e-01
   4.8092209e-01
   4.7511424e-01
   4.6932959e-01
   4.6356902e-01
   4.5783336e-01
   4.5212346e-01
   4.4644012e-01
   4.4078414e-01
   4.3515630e-01
   4.2955736e-01
   4.2398805e-01
   4.1844911e-01
   4.1294123e-01
   4.0746510e-01
   4.0202138e-01
   3.9661073e-01
   3.9123378e-01
   3.8589113e-01
   3.8058338e-01
   3.7531110e-01
   3.7007485e-01
   3.6487516e-01
   3.5971256e-01
   3.5458755e-01
   3.4950060e-01
   3.4445218e-01
   3.3944274e-01
   3.3447271e-01
   3.2954248e-01
   3.2465247e-01
   3.1980303e-01
   3.1499453e-01
   3.1022731e-01
   3.0550168e-01
   3.0081795e-01
   2.9617642e-01
   2.9157734e-01
   2.8702097e-01
   2.8250755e-01
   2.7803730e-01
   2.7361042e-01
   2.6922710e-01
   2.6488752e-01
   2.6059182e-01
   2.5634015e-01
   2.5213264e-01
   2.4796938e-01
   2.4385049e-01
   2.3977603e-01
   2.3574608e-01
   2.3176068e-01
   2.2781987e-01
   2.2392368e-01
   2.2007211e-01
   2.1626517e-01
   2.1250282e-01
   2.0878506e-01
   2.0511182e-01
   2.0148305e-01
   1.9789870e-01
   1.9435867e-01
   1.9086288e-01
   1.8741123e-01
   1.8400359e-01
   1.8063985e-01
   1.7731987e-01
   1.7404350e-01
   1.7081059e-01
   1.6762097e-01
   1.6447446e-01
   1.6137087e-01
   1.5831002e-01
   1.5529170e-01
   1.5231569e-01
   1.4938178e-01
   1.4648972e-01
   1.4363930e-01
   1.4083025e-01
   1.3806233e-01
   1.3533528e-01
   1.3264883e-01
   1.3000271e-01
   1.2739663e-01
   1.2483031e-01
   1.2230345e-01
   1.1981577e-01
   1.1736694e-01
   1.1495667e-01
   1.1258464e-01
   1.1025053e-01
   1.0795401e-01
   1.0569476e-01
   1.0347244e-01
   1.0128672e-01
   9.9137253e-02
   9.7023700e-02
   9.4945712e-02
   9.2902939e-02
   9.0895026e-02
   8.8921617e-02
   8.6982355e-02
   8.5076877e-02
   8.3204820e-02
   8.1365820e-02
   7.9559509e-02
   7.7785519e-02
   7.6043480e-02
   7.4333021e-02
   7.2653770e-02
   7.1005354e-02
   6.9387399e-02
   6.7799531e-02
   6.6241376e-02
   6.4712558e-02
   6.3212703e-02
   6.1741436e-02
   6.0298382e-02
   5.8883168e-02
   5.7495419e-02
   5.6134763e-02
   5.4800827e-02
   5.3493239e-02
   5.2211631e-02
   5.0955631e-02
   4.9724873e-02
   4.8518991e-02
   4.7337618e-02
   4.6180391e-02
   4.5046950e-02
   4.3936934e-02
   4.2849984e-02
   4.1785746e-02
   4.0743865e-02
   3.9723990e-02
   3.8725770e-02
   3.7748860e-02
   3.6792914e-02
   3.5857591e-02
   3.4942550e-02
   3.4047455e-02
   3.3171971e-02
   3.2315768e-02
   3.1478516e-02
   3.0659890e-02
   2.9859567e-02
   2.9077227e-02
   2.8312553e-02
   2.7565232e-02
   2.6834954e-02
   2.6121410e-02
   2.5424297e-02
   2.4743313e-02
   2.4078162e-02
   2.3428548e-02
   2.2794181e-02
   2.2174773e-02
   2.1570039e-02
   2.0979699e-02
   2.0403476e-02
   1.9841095e-02
   1.9292285e-02
   1.8756780e-02
   1.8234315e-02
   1.7724631e-02
   1.7227471e-02
   1.6742582e-02
   1.6269713e-02
   1.5808619e-02
   1.5359056e-02
   1.4920786e-02
   1.4493573e-02
   1.4077183e-02
   1.3671389e-02
   1.3275965e-02
   1.2890689e-02
   1.2515342e-02
   1.2149710e-02
   1.1793580e-02
   1.1446743e-02
   1.1108997e-02
   1.0780137e-02
   1.0459967e-02
   1.0148291e-02
   9.8449170e-03
   9.5496574e-03
   9.2623267e-03
   8.9827429e-03
   8.7107272e-03
   8.4461041e-03
   8.1887010e-03
   7.9383487e-03
   7.6948808e-03
   7.4581342e-03
   7.2279487e-03
   7.0041671e-03
   6.7866353e-03
   6.5752019e-03
   6.3697185e-03
   6.1700397e-03
   5.9760229e-03
   5.7875281e-03
   5.6044184e-03
   5.4265593e-03
   5.2538192e-03
   5.0860692e-03
   4.9231830e-03
   4.7650369e-03
   4.6115097e-03
   4.4624827e-03
   4.3178400e-03
   4.1774678e-03
   4.0412550e-03
   3.9090926e-03
   3.7808743e-03
   3.6564959e-03
   3.5358555e-03
   3.4188536e-03
   3.3053927e-03
   3.1953776e-03
   3.0887154e-03
   2.9853150e-03
   2.8850876e-03
   2.7879464e-03
   2.6938066e-03
   2.6025853e-03
   2.5142016e-03
   2.4285765e-03
   2.3456329e-03
   2.2652956e-03
   0.0000000e+00
   0.0000000e+00
   0.0000000e+00
   0.0000000e+00
   0.0000000e+00
   0.0000000e+00
   0.0000000e+00
   0.0000000e+00
   0.0000000e+00
   0.0000000e+00
   0.0000000e+00
   0.0000000e+00
   0.0000000e+00
   0.0000000e+00
   0.0000000e+00
   0.0000000e+00
   0.0000000e+00
   0.0000000e+00
   0.0000000e+00
   0.0000000e+00
   0.0000000e+00
   0.0000000e+00
   0.0000000e+00
   0.0000000e+00
   0.0000000e+00
   0.0000000e+00
   0.0000000e+00
   0.0000000e+00
   0.0000000e+00
   0.0000000e+00
   0.0000000e+00
   0.0000000e+00
   0.0000000e+00
   0.0000000e+00
   0.0000000e+00
   0.0000000e+00
   0.0000000e+00
   0.0000000e+00
   0.0000000e+00
   0.0000000e+00
   0.0000000e+00
   0.0000000e+00
   0.0000000e+00
   0.0000000e+00
   0.0000000e+00
   0.0000000e+00
   0.0000000e+00
   0.0000000e+00
   0.0000000e+00
   0.0000000e+00
   0.0000000e+00
   0.0000000e+00
   0.0000000e+00
   0.0000000e+00
   0.0000000e+00
   0.0000000e+00
   0.0000000e+00
   0.0000000e+00
   0.0000000e+00
   0.0000000e+00
   0.0000000e+00
   0.0000000e+00
   0.0000000e+00
   0.0000000e+00
   0.0000000e+00
   0.0000000e+00
   0.0000000e+00
   0.0000000e+00
   0.0000000e+00
   0.0000000e+00
   0.0000000e+00
   0.0000000e+00
   0.0000000e+00
   0.0000000e+00
   0.0000000e+00
   0.0000000e+00
   0.0000000e+00
   0.0000000e+00
   0.0000000e+00
   0.0000000e+00
   0.0000000e+00
   0.0000000e+00
   0.0000000e+00
   0.0000000e+00
   0.0000000e+00
   0.0000000e+00
   0.0000000e+00
   0.0000000e+00
   0.0000000e+00
   0.0000000e+00
   0.0000000e+00
   0.0000000e+00
   0.0000000e+00
   0.0000000e+00
   0.0000000e+00
   0.0000000e+00
   0.0000000e+00
   0.0000000e+00
   0.0000000e+00
   0.0000000e+00
   0.0000000e+00
   3.2725971e-04
   3.4282521e-04
   3.5908318e-04
   3.7606202e-04
   3.9379117e-04
   4.1230117e-04
   4.3162367e-04
   4.5179148e-04
   4.7283858e-04
   4.9480021e-04
   5.1771285e-04
   5.4161427e-04
   5.6654362e-04
   5.9254140e-04
   6.1964955e-04
   6.4791147e-04
   6.7737209e-04
   7.0807787e-04
   7.4007688e-04
   7.7341884e-04
   8.0815516e-04
   8.4433900e-04
   8.8202530e-04
   9.2127085e-04
   9.6213432e-04
   1.0046764e-03
   1.0489596e-03
   1.0950487e-03
   1.1430104e-03
   1.1929137e-03
   1.2448298e-03
   1.2988321e-03
   1.3549964e-03
   1.4134009e-03
   1.4741263e-03
   1.5372557e-03
   1.6028748e-03
   1.6710722e-03
   1.7419389e-03
   1.8155688e-03
   1.8920586e-03
   1.9715081e-03
   2.0540199e-03
   2.1396996e-03
   2.2286562e-03
   2.3210015e-03
   2.4168510e-03
   2.5163232e-03
   2.6195402e-03
   2.7266274e-03
   2.8377140e-03
   2.9529326e-03
   3.0724198e-03
   3.1963157e-03
   3.3247643e-03
   3.4579138e-03
   3.5959161e-03
   3.7389274e-03
   3.8871081e-03
   4.0406226e-03
   4.1996399e-03
   4.3643334e-03
   4.5348808e-03
   4.7114645e-03
   4.8942716e-03
   5.0834939e-03
   5.2793279e-03
   5.4819751e-03
   5.6916421e-03
   5.9085402e-03
   6.1328861e-03
   6.3649017e-03
   6.6048141e-03
   6.8528557e-03
   7.1092645e-03
   7.3742838e-03
   7.6481628e-03
   7.9311559e-03
   8.2235237e-03
   8.5255323e-03
   8.8374537e-03
   9.1595659e-03
   9.4921530e-03
   9.8355049e-03
   1.0189918e-02
   1.0555694e-02
   1.0933143e-02
   1.1322578e-02
   1.1724322e-02
   1.2138701e-02
   1.2566051e-02
   1.3006711e-02
   1.3461029e-02
   1.3929359e-02
   1.4412061e-02
   1.4909503e-02
   1.5422058e-02
   1.5950106e-02
   1.6494035e-02
   1.7054239e-02
   1.7631119e-02
   1.8225082e-02
   1.8836544e-02
   1.9465924e-02
   2.0113652e-02
   2.0780162e-02
   2.1465896e-02
   2.2171303e-02
   2.2896837e-02
   2.3642961e-02
   2.4410144e-02
   2.5198861e-02
   2.6009594e-02
   2.6842831e-02
   2.7699069e-02
   2.8578808e-02
   2.9482557e-02
   3.0410830e-02
   3.1364148e-02
   3.2343038e-02
   3.3348033e-02
   3.4379672e-02
   3.5438500e-02
   3.6525067e-02
   3.7639930e-02
   3.8783651e-02
   3.9956797e-02
   4.1159940e-02
   4.2393659e-02
   4.3658535e-02
   4.4955156e-02
   4.6284114e-02
   4.7646005e-02
   4.9041430e-02
   5.0470994e-02
   5.1935304e-02
   5.3434973e-02
   5.4970616e-02
   5.6542852e-02
   5.8152302e-02
   5.9799589e-02
   6.1485341e-02
   6.3210186e-02
   6.4974754e-02
   6.6779677e-02
   6.8625587e-02
   7.0513120e-02
   7.2442909e-02
   7.4415590e-02
   7.6431796e-02
   7.8492164e-02
   8.0597325e-02
   8.2747913e-02
   8.4944559e-02
   8.7187891e-02
   8.9478538e-02
   9.1817122e-02
   9.4204265e-02
   9.6640585e-02
   9.9126696e-02
   1.0166321e-01
   1.0425072e-01
   1.0688984e-01
   1.0958116e-01
   1.1232526e-01
   1.1512273e-01
   1.1797414e-01
   1.2088006e-01
   1.2384104e-01
   1.2685763e-01
   1.2993038e-01
   1.3305982e-01
   1.3624646e-01
   1.3949082e-01
   1.4279339e-01
   1.4615467e-01
   1.4957513e-01
   1.5305522e-01
   1.5659541e-01
   1.6019612e-01
   1.6385777e-01
   1.6758077e-01
   1.7136552e-01
   1.7521237e-01
   1.7912170e-01
   1.8309384e-01
   1.8712911e-01
   1.9122781e-01
   1.9539024e-01
   1.9961665e-01
   2.0390730e-01
   2.0826239e-01
   2.1268215e-01
   2.1716674e-01
   2.2171633e-01
   2.2633106e-01
   2.3101103e-01
   2.3575633e-01
   2.4056704e-01
   2.4544318e-01
   2.5038476e-01
   2.5539179e-01
   2.6046421e-01
   2.6560196e-01
   2.7080494e-01
   2.7607304e-01
   2.8140609e-01
   2.8680392e-01
   2.9226633e-01
   2.9779305e-01
   3.0338384e-01
   3.0903837e-01
   3.1475633e-01
   3.2053735e-01
   3.2638102e-01
   3.3228691e-01
   3.3825457e-01
   3.4428350e-01
   3.5037317e-01
   3.5652301e-01
   3.6273243e-01
   3.6900079e-01
   3.7532743e-01
   3.8171164e-01
   3.8815269e-01
   3.9464980e-01
   4.0120217e-01
   4.0780894e-01
   4.1446925e-01
   4.2118217e-01
   4.2794676e-01
   4.3476202e-01
   4.4162692e-01
   4.4854042e-01
   4.5550140e-01
   4.6250874e-01
   4.6956127e-01
   4.7665778e-01
   4.8379703e-01
   4.9097774e-01
   4.9819860e-01
   5.0545826e-01
   5.1275533e-01
   5.2008840e-01
   5.2745600e-01
   5.3485666e-01
   5.4228885e-01
   5.4975101e-01
   5.5724154e-01
   5.6475883e-01
   5.7230122e-01
   5.7986701e-01
   5.8745450e-01
   5.9506191e-01
   6.0268748e-01
   6.1032939e-01
   6.1798579e-01
   6.2565481e-01
   6.3333455e-01
   6.4102308e-01
   6.4871844e-01
   6.5641866e-01
   6.6412173e-01
   6.7182561e-01
   6.7952824e-01
   6.8722755e-01
   6.9492143e-01
   7.0260777e-01
   7.1028440e-01
   7.1794918e-01
   7.2559992e-01
   7.3323442e-01
   7.4085046e-01
   7.4844580e-01
   7.5601821e-01
   7.6356541e-01
   7.7108514e-01
   7.7857510e-01
   7.8603301e-01
   7.9345656e-01
   8.0084343e-01
   8.0819130e-01
   8.1549786e-01
   8.2276075e-01
   8.2997767e-01
   8.3714625e-01
   8.4426418e-01
   8.5132911e-01
   8.5833871e-01
   8.6529065e-01
   8.7218259e-01
   8.7901221e-01
   8.8577721e-01
   8.9247526e-01
   8.9910407e-01
   9.0566136e-01
   9.1214484e-01
   9.1855225e-01
   9.2488135e-01
   9.3112990e-01
   9.3729568e-01
   9.4337650e-01
   9.4937018e-01
   9.5527456e-01
   9.6108750e-01
   9.6680691e-01
   9.7243068e-01
   9.7795676e-01
   9.8338312e-01
   9.8870775e-01
   9.9392869e-01
   9.9904397e-01
   1.0040517e+00
   1.0089500e+00
   1.0137370e+00
   1.0184109e+00
   1.0229700e+00
   1.0274125e+00
   1.0317367e+00
   1.0359410e+00
   1.0400237e+00
   1.0439833e+00
   1.0478183e+00
   1.0515271e+00
   1.0551084e+00
   1.0585607e+00
   1.0618828e+00
   1.0650732e+00
   1.0681308e+00
   1.0710543e+00
   1.0738427e+00
   1.0764948e+00
   1.0790095e+00
   1.0813860e+00
   1.0836231e+00
   1.0857202e+00
   1.0876762e+00
   1.0894905e+00
   1.0911624e+00
   1.0926911e+00
   1.0940760e+00
   1.0953167e+00
   1.0964125e+00
   1.0973632e+00
   1.0981682e+00
   1.0988273e+00
   1.0993402e+00
   1.0997067e+00
   1.0999267e+00
   1.1000000e+00
   1.0999267e+00
   1.0997067e+00
   1.0993402e+00
   1.0988273e+00
   1.0981682e+00
   1.0973632e+00
   1.0964125e+00
   1.0953167e+00
   1.0940760e+00
   1.0926911e+00
   1.0911624e+00
   1.0894905e+00
   1.0876762e+00
   1.0857202e+00
   1.0836231e+00
   1.0813860e+00
   1.0790095e+00
   1.0764948e+00
   1.0738427e+00
   1.0710543e+00
   1.0681308e+00
   1.0650732e+00
   1.0618828e+00
   1.0585607e+00
   1.0551084e+00
   1.0515271e+00
   1.0478183e+00
   1.0439833e+00
   1.0400237e+00
   1.0359410e+00
   1.0317367e+00
   1.0274125e+00
   1.0229700e+00
   1.0184109e+00
   1.0137370e+00
   1.0089500e+00
   1.0040517e+00
   9.9904397e-01
   9.9392869e-01
   9.8870775e-01
   9.8338312e-01
   9.7795676e-01
   9.7243068e-01
   9.6680691e-01
   9.6108750e-01
   9.5527456e-01
   9.4937018e-01
   9.4337650e-01
   9.3729568e-01
   9.3112990e-01
   9.2488135e-01
   9.1855225e-01
   9.1214484e-01
   9.0566136e-01
   8.9910407e-01
   8.9247526e-01
   8.8577721e-01
   8.7901221e-01
   8.7218259e-01
   8.6529065e-01
   8.5833871e-01
   8.5132911e-01
   8.4426418e-01
   8.3714625e-01
   8.2997767e-01
   8.2276075e-01
   8.1549786e-01
   8.0819130e-01
   8.0084343e-01
   7.9345656e-01
   7.8603301e-01
   7.7857510e-01
   7.7108514e-01
   7.6356541e-01
   7.5601821e-01
   7.4844580e-01
   7.4085046e-01
   7.3323442e-01
   7.2559992e-01
   7.1794918e-01
   7.1028440e-01
   7.0260777e-01
   6.9492143e-01
   6.8722755e-01
   6.7952824e-01
   6.7182561e-01
   6.6412173e-01
   6.5641866e-01
   6.4871844e-01
   6.4102308e-01
   6.3333455e-01
   6.2565481e-01
   6.1798579e-01
   6.1032939e-01
   6.0268748e-01
   5.9506191e-01
   5.8745450e-01
   5.7986701e-01
   5.7230122e-01
   5.6475883e-01
   5.5724154e-01
   5.4975101e-01
   5.4228885e-01
   5.3485666e-01
   5.2745600e-01
   5.2008840e-01
   5.1275533e-01
   5.0545826e-01
   4.9819860e-01
   4.9097774e-01
   4.8379703e-01
   4.7665778e-01
   4.6956127e-01
   4.6250874e-01
   4.5550140e-01
   4.4854042e-01
   4.4162692e-01
   4.3476202e-01
   4.2794676e-01
   4.2118217e-01
   4.1446925e-01
   4.0780894e-01
   4.0120217e-01
   3.9464980e-01
   3.8815269e-01
   3.8171164e-01
   3.7532743e-01
   3.6900079e-01
   3.6273243e-01
   3.5652301e-01
   3.5037317e-01
   3.4428350e-01
   3.3825457e-01
   3.3228691e-01
   3.2638102e-01
   3.2053735e-01
   3.1475633e-01
   3.0903837e-01
   3.0338384e-01
   2.9779305e-01
   2.9226633e-01
   2.8680392e-01
   2.8140609e-01
   2.7607304e-01
   2.7080494e-01
   2.6560196e-01
   2.6046421e-01
   2.5539179e-01
   2.5038476e-01
   2.4544318e-01
   2.4056704e-01
   2.3575633e-01
   2.3101103e-01
   2.2633106e-01
   2.2171633e-01
   2.1716674e-01
   2.1268215e-01
   2.0826239e-01
   2.0390730e-01
   1.9961665e-01
   1.9539024e-01
   1.9122781e-01
   1.8712911e-01
   1.8309384e-01
   1.7912170e-01
   1.7521237e-01
   1.7136552e-01
   1.6758077e-01
   1.6385777e-01
   1.6019612e-01
   1.5659541e-01
   1.5305522e-01
   1.4957513e-01
   1.4615467e-01
   1.4279339e-01
   1.3949082e-01
   1.3624646e-01
   1.3305982e-01
   1.2993038e-01
   1.2685763e-01
   1.2384104e-01
   1.2088006e-01
   1.1797414e-01
   1.1512273e-01
   1.1232526e-01
   1.0958116e-01
   1.0688984e-01
   1.0425072e-01
   1.0166321e-01
   9.9126696e-02
   9.6640585e-02
   9.4204265e-02
   9.1817122e-02
   8.9478538e-02
   8.7187891e-02
   8.4944559e-02
   8.2747913e-02
   8.0597325e-02
   7.8492164e-02
   7.6431796e-02
   7.4415590e-02
   7.2442909e-02
   7.0513120e-02
   6.8625587e-02
   6.6779677e-02
   6.4974754e-02
   6.3210186e-02
   6.1485341e-02
   5.9799589e-02
   5.8152302e-02
   5.6542852e-02
   5.4970616e-02
   5.3434973e-02
   5.1935304e-02
   5.0470994e-02
   4.9041430e-02
   4.7646005e-02
   4.6284114e-02
   4.4955156e-02
   4.3658535e-02
   4.2393659e-02
   4.1159940e-02
   3.9956797e-02
   3.8783651e-02
   3.7639930e-02
   3.6525067e-02
   3.5438500e-02
   3.4379672e-02
   3.3348033e-02
   3.2343038e-02
   3.1364148e-02
   3.0410830e-02
   2.9482557e-02
   2.8578808e-02
   2.7699069e-02
   2.6842831e-02
   2.6009594e-02
   2.5198861e-02
   2.4410144e-02
   2.3642961e-02
   2.2896837e-02
   2.2171303e-02
   2.1465896e-02
   2.0780162e-02
   2.0113652e-02
   1.9465924e-02
   1.8836544e-02
   1.8225082e-02
   1.7631119e-02
   1.7054239e-02
   1.6494035e-02
   1.5950106e-02
   1.5422058e-02
   1.4909503e-02
   1.4412061e-02
   1.3929359e-02
   1.3461029e-02
   1.3006711e-02
   1.2566051e-02
   1.2138701e-02
   1.1724322e-02
   1.1322578e-02
   1.0933143e-02
   1.0555694e-02
   1.0189918e-02
   9.8355049e-03
   9.4921530e-03
   9.1595659e-03
   8.8374537e-03
   8.5255323e-03
   8.2235237e-03
   7.9311559e-03
   7.6481628e-03
   7.3742838e-03
   7.1092645e-03
   6.8528557e-03
   6.6048141e-03
   6.3649017e-03
   6.1328861e-03
   5.9085402e-03
   5.6916421e-03
   5.4819751e-03
   5.2793279e-03
   5.0834939e-03
   4.8942716e-03
   4.7114645e-03
   4.5348808e-03
   4.3643334e-03
   4.1996399e-03
   4.0406226e-03
   3.8871081e-03
   3.7389274e-03
   3.5959161e-03
   3.4579138e-03
   3.3247643e-03
   3.1963157e-03
   3.0724198e-03
   2.9529326e-03
   2.8377140e-03
   2.7266274e-03
   2.6195402e-03
   2.5163232e-03
   2.4168510e-03
   2.3210015e-03
   2.2286562e-03
   2.1396996e-03
   2.0540199e-03
   1.9715081e-03
   1.8920586e-03
   1.8155688e-03
   1.7419389e-03
   1.6710722e-03
   1.6028748e-03
   1.5372557e-03
   1.4741263e-03
   1.4134009e-03
   1.3549964e-03
   1.2988321e-03
   1.2448298e-03
   1.1929137e-03
   1.1430104e-03
   1.0950487e-03
   1.0489596e-03
   1.0046764e-03
   9.6213432e-04
   9.2127085e-04
   8.8202530e-04
   8.4433900e-04
   8.0815516e-04
   7.7341884e-04
   7.4007688e-04
   7.0807787e-04
   6.7737209e-04
   6.4791147e-04
   6.1964955e-04
   5.9254140e-04
   5.6654362e-04
   5.4161427e-04
   5.1771285e-04
   4.9480021e-04
   4.7283858e-04
   4.5179148e-04
   4.3162367e-04
   4.1230117e-04
   3.9379117e-04
   3.7606202e-04
   3.5908318e-04
   3.4282521e-04
   3.2725971e-04
   0.0000000e+00
   0.0000000e+00
   0.0000000e+00
   0.0000000e+00
   0.0000000e+00
   0.0000000e+00
   0.0000000e+00
   0.0000000e+00
   0.0000000e+00
   0.0000000e+00
   0.0000000e+00
   0.0000000e+00
   0.0000000e+00
   0.0000000e+00
   0.0000000e+00
   0.0000000e+00
   0.0000000e+00
   0.0000000e+00
   0.0000000e+00
   0.0000000e+00
   0.0000000e+00
   0.0000000e+00
   0.0000000e+00
   0.0000000e+00
   0.0000000e+00
   0.0000000e+00
   0.0000000e+00
   0.0000000e+00
   0.0000000e+00
   0.0000000e+00
   0.0000000e+00
   0.0000000e+00
   0.0000000e+00
   0.0000000e+00
   0.0000000e+00
   0.0000000e+00
   0.0000000e+00
   0.0000000e+00
   0.0000000e+00
   0.0000000e+00
   0.0000000e+00
   0.0000000e+00
   0.0000000e+00
   0.0000000e+00
   0.0000000e+00
   0.0000000e+00
   0.0000000e+00
   0.0000000e+00
   0.0000000e+00
   0.0000000e+00
   0.0000000e+00
   0.0000000e+00
   0.0000000e+00
   0.0000000e+00
   0.0000000e+00
   0.0000000e+00
   0.0000000e+00
   0.0000000e+00
   0.0000000e+00
   0.0000000e+00
   0.0000000e+00
   0.0000000e+00
   0.0000000e+00
   0.0000000e+00
   0.0000000e+00
   0.0000000e+00
   0.0000000e+00
   0.0000000e+00
   0.0000000e+00
   0.0000000e+00
   0.0000000e+00
   0.0000000e+00
   0.0000000e+00
   0.0000000e+00
   0.0000000e+00
   0.0000000e+00
   0.0000000e+00
   0.0000000e+00
   0.0000000e+00
   0.0000000e+00
   0.0000000e+00
   0.0000000e+00
   0.0000000e+00
   0.0000000e+00
   0.0000000e+00
   0.0000000e+00
   0.0000000e+00
   0.0000000e+00
   0.0000000e+00
   0.0000000e+00
   0.0000000e+00
   0.0000000e+00
   0.0000000e+00
   0.0000000e+00
   0.0000000e+00
   0.0000000e+00
   0.0000000e+00
   0.0000000e+00
   0.0000000e+00
   0.0000000e+00
   0.0000000e+00
   0.0000000e+00
   0.0000000e+00
   0.0000000e+00
   0.0000000e+00
   0.0000000e+00
   0.0000000e+00
   0.0000000e+00
   0.0000000e+00
   0.0000000e+00
   0.0000000e+00
   0.0000000e+00
   0.0000000e+00
   0.0000000e+00
   0.0000000e+00
   0.0000000e+00
   0.0000000e+00
   0.0000000e+00
   0.0000000e+00
   0.0000000e+00
   0.0000000e+00
   0.0000000e+00
   0.0000000e+00
   0.0000000e+00
   0.0000000e+00
   0.0000000e+00
   0.0000000e+00
   0.0000000e+00
   0.0000000e+00
   0.0000000e+00
   0.0000000e+00
   0.0000000e+00
   0.0000000e+00
   0.0000000e+00
   0.0000000e+00
   0.0000000e+00
   0.0000000e+00
   0.0000000e+00
   0.0000000e+00
   0.0000000e+00
   0.0000000e+00
   0.0000000e+00
   0.0000000e+00
   0.0000000e+00
   0.0000000e+00
   0.0000000e+00
   0.0000000e+00
   0.0000000e+00
   0.0000000e+00
   0.0000000e+00
   0.0000000e+00
   4.0000000e-03
   8.0000000e-03
   1.2000000e-02
   1.6000000e-02
   2.0000000e-02
   2.4000000e-02
   2.8000000e-02
   3.2000000e-02
   3.6000000e-02
   4.0000000e-02
   4.4000000e-02
   4.8000000e-02
   5.2000000e-02
   5.6000000e-02
   6.0000000e-02
   6.4000000e-02
   6.8000000e-02
   7.2000000e-02
   7.6000000e-02
   8.0000000e-02
   8.4000000e-02
   8.8000000e-02
   9.2000000e-02
   9.6000000e-02
   1.0000000e-01
   1.0400000e-01
   1.0800000e-01
   1.1200000e-01
   1.1600000e-01
   1.2000000e-01
   1.2400000e-01
   1.2800000e-01
   1.3200000e-01
   1.3600000e-01
   1.4000000e-01
   1.4400000e-01
   1.4800000e-01
   1.5200000e-01
   1.5600000e-01
   1.6000000e-01
   1.6400000e-01
   1.6800000e-01
   1.7200000e-01
   1.7600000e-01
   1.8000000e-01
   1.8400000e-01
   1.8800000e-01
   1.9200000e-01
   1.9600000e-01
   2.0000000e-01
   2.0400000e-01
   2.0800000e-01
   2.1200000e-01
   2.1600000e-01
   2.2000000e-01
   2.2400000e-01
   2.2800000e-01
   2.3200000e-01
   2.3600000e-01
   2.4000000e-01
   2.4400000e-01
   2.4800000e-01
   2.5200000e-01
   2.5600000e-01
   2.6000000e-01
   2.6400000e-01
   2.6800000e-01
   2.7200000e-01
   2.7600000e-01
   2.8000000e-01
   2.8400000e-01
   2.8800000e-01
   2.9200000e-01
   2.9600000e-01
   3.0000000e-01
   3.0400000e-01
   3.0800000e-01
   3.1200000e-01
   3.1600000e-01
   3.2000000e-01
   3.2400000e-01
   3.2800000e-01
   3.3200000e-01
   3.3600000e-01
   3.4000000e-01
   3.4400000e-01
   3.4800000e-01
   3.5200000e-01
   3.5600000e-01
   3.6000000e-01
   3.6400000e-01
   3.6800000e-01
   3.7200000e-01
   3.7600000e-01
   3.8000000e-01
   3.8400000e-01
   3.8800000e-01
   3.9200000e-01
   3.9600000e-01
   4.0000000e-01
   4.0400000e-01
   4.0800000e-01
   4.1200000e-01
   4.1600000e-01
   4.2000000e-01
   4.2400000e-01
   4.2800000e-01
   4.3200000e-01
   4.3600000e-01
   4.4000000e-01
   4.4400000e-01
   4.4800000e-01
   4.5200000e-01
   4.5600000e-01
   4.6000000e-01
   4.6400000e-01
   4.6800000e-01
   4.7200000e-01
   4.7600000e-01
   4.8000000e-01
   4.8400000e-01
   4.8800000e-01
   4.9200000e-01
   4.9600000e-01
   5.0000000e-01
   5.0400000e-01
   5.0800000e-01
   5.1200000e-01
   5.1600000e-01
   5.2000000e-01
   5.2400000e-01
   5.2800000e-01
   5.3200000e-01
   5.3600000e-01
   5.4000000e-01
   5.4400000e-01
   5.4800000e-01
   5.5200000e-01
   5.5600000e-01
   5.6000000e-01
   5.6400000e-01
   5.6800000e-01
   5.7200000e-01
   5.7600000e-01
   5.8000000e-01
   5.8400000e-01
   5.8800000e-01
   5.9200000e-01
   5.9600000e-01
   6.0000000e-01
   5.9600000e-01
   5.9200000e-01
   5.8800000e-01
   5.8400000e-01
   5.8000000e-01
   5.7600000e-01
   5.7200000e-01
   5.6800000e-01
   5.6400000e-01
   5.6000000e-01
   5.5600000e-01
   5.5200000e-01
   5.4800000e-01
   5.4400000e-01
   5.4000000e-01
   5.3600000e-01
   5.3200000e-01
   5.2800000e-01
   5.2400000e-01
   5.2000000e-01
   5.1600000e-01
   5.1200000e-01
   5.0800000e-01
   5.0400000e-01
   5.0000000e-01
   4.9600000e-01
   4.9200000e-01
   4.8800000e-01
   4.8400000e-01
   4.8000000e-01
   4.7600000e-01
   4.7200000e-01
   4.6800000e-01
   4.6400000e-01
   4.6000000e-01
   4.5600000e-01
   4.5200000e-01
   4.4800000e-01
   4.4400000e-01
   4.4000000e-01
   4.3600000e-01
   4.3200000e-01
   4.2800000e-01
   4.2400000e-01
   4.2000000e-01
   4.1600000e-01
   4.1200000e-01
   4.0800000e-01
   4.0400000e-01
   4.0000000e-01
   3.9600000e-01
   3.9200000e-01
   3.8800000e-01
   3.8400000e-01
   3.8000000e-01
   3.7600000e-01
   3.7200000e-01
   3.6800000e-01
   3.6400000e-01
   3.6000000e-01
   3.5600000e-01
   3.5200000e-01
   3.4800000e-01
   3.4400000e-01
   3.4000000e-01
   3.3600000e-01
   3.3200000e-01
   3.2800000e-01
   3.2400000e-01
   3.2000000e-01
   3.1600000e-01
   3.1200000e-01
   3.0800000e-01
   3.0400000e-01
   3.0000000e-01
   2.9600000e-01
   2.9200000e-01
   2.8800000e-01
   2.8400000e-01
   2.8000000e-01
   2.7600000e-01
   2.7200000e-01
   2.6800000e-01
   2.6400000e-01
   2.6000000e-01
   2.5600000e-01
   2.5200000e-01
   2.4800000e-01
   2.4400000e-01
   2.4000000e-01
   2.3600000e-01
   2.3200000e-01
   2.2800000e-01
   2.2400000e-01
   2.2000000e-01
   2.1600000e-01
   2.1200000e-01
   2.0800000e-01
   2.0400000e-01
   2.0000000e-01
   1.9600000e-01
   1.9200000e-01
   1.8800000e-01
   1.8400000e-01
   1.8000000e-01
   1.7600000e-01
   1.7200000e-01
   1.6800000e-01
   1.6400000e-01
   1.6000000e-01
   1.5600000e-01
   1.5200000e-01
   1.4800000e-01
   1.4400000e-01
   1.4000000e-01
   1.3600000e-01
   1.3200000e-01
   1.2800000e-01
   1.2400000e-01
   1.2000000e-01
   1.1600000e-01
   1.1200000e-01
   1.0800000e-01
   1.0400000e-01
   1.0000000e-01
   9.6000000e-02
   9.2000000e-02
   8.8000000e-02
   8.4000000e-02
   8.0000000e-02
   7.6000000e-02
   7.2000000e-02
   6.8000000e-02
   6.4000000e-02
   6.0000000e-02
   5.6000000e-02
   5.2000000e-02
   4.8000000e-02
   4.4000000e-02
   4.0000000e-02
   3.6000000e-02
   3.2000000e-02
   2.8000000e-02
   2.4000000e-02
   2.0000000e-02
   1.6000000e-02
   1.2000000e-02
   8.0000000e-03
   4.0000000e-03
   0.0000000e+00
   0.0000000e+00
   0.0000000e+00
   0.0000000e+00
   0.0000000e+00
   0.0000000e+00
   0.0000000e+00
   0.0000000e+00
   0.0000000e+00
   0.0000000e+00
   0.0000000e+00
   0.0000000e+00
   0.0000000e+00
   0.0000000e+00
   0.0000000e+00
   0.0000000e+00
   0.0000000e+00
   0.0000000e+00
   0.0000000e+00
   0.0000000e+00
   0.0000000e+00
   0.0000000e+00
   0.0000000e+00
   0.0000000e+00
   0.0000000e+00
   0.0000000e+00
   0.0000000e+00
   0.0000000e+00
   0.0000000e+00
   0.0000000e+00
   0.0000000e+00
   0.0000000e+00
   0.0000000e+00
   0.0000000e+00
   0.0000000e+00
   0.0000000e+00
   0.0000000e+00
   0.0000000e+00
   0.0000000e+00
   0.0000000e+00
   0.0000000e+00
   0.0000000e+00
   0.0000000e+00
   0.0000000e+00
   0.0000000e+00
   0.0000000e+00
   0.0000000e+00
   0.0000000e+00
   0.0000000e+00
   0.0000000e+00
   0.0000000e+00
