   2.4546425e+01   2.1198553e+01
   2.5281743e+01   2.4105986e+01
   2.5900983e+01   2.4145662e+01
   2.6410846e+01   2.7137804e+01
   2.6820401e+01   2.5425519e+01
   2.7148576e+01   2.8342049e+01
   2.7401977e+01   2.8896365e+01
   2.7587279e+01   2.8311942e+01
   2.7714949e+01   3.8407951e+01
   2.7789912e+01   2.3385425e+01
   2.7817365e+01   2.8632910e+01
   2.7725935e+01   2.4921271e+01
   2.7610934e+01   2.6040662e+01
   2.7470033e+01   2.8830837e+01
   2.7300744e+01   2.4061030e+01
   2.7104387e+01   3.0585302e+01
   2.6881985e+01   2.3325622e+01
   2.6637227e+01   3.0417065e+01
   2.6364647e+01   2.4224059e+01
   2.6068305e+01   2.3493081e+01
   2.5744017e+01   2.5648875e+01
   2.5391710e+01   2.5611014e+01
   2.5014963e+01   2.6252066e+01
   2.4621481e+01   2.0342650e+01
   2.4213096e+01   2.3587106e+01
   2.3794645e+01   2.4632967e+01
   2.3366100e+01   2.0510269e+01
   2.2935744e+01   2.5232529e+01
   2.2506837e+01   1.9724018e+01
   2.2089779e+01   2.4731807e+01
   2.1687479e+01   2.1293734e+01
   2.1303706e+01   2.0440954e+01
   2.0941493e+01   2.4090201e+01
   2.0606471e+01   1.8373140e+01
   2.0302331e+01   2.2431486e+01
   2.0032115e+01   1.9429351e+01
   1.9798169e+01   2.2629261e+01
   1.9598973e+01   2.0198828e+01
   1.9434859e+01   1.9516944e+01
   1.9309788e+01   1.9212857e+01
   1.9217670e+01   1.8646414e+01
   1.9157865e+01   1.9639637e+01
   1.9129017e+01   1.7081669e+01
   1.9126453e+01   2.0921582e+01
   1.9146682e+01   2.5385148e+01
   1.9185312e+01   1.6403326e+01
   1.9239298e+01   2.3664516e+01
   1.9305737e+01   1.5864124e+01
   1.9375373e+01   2.1994121e+01
   1.9445026e+01   1.7965152e+01
   1.9510525e+01   1.8979376e+01
   1.9569185e+01   1.9375659e+01
   1.9626085e+01   1.4843529e+01
   1.9668016e+01   2.2287608e+01
   1.9690418e+01   1.9667742e+01
   1.9695649e+01   2.0496838e+01
   1.9668028e+01   1.8079253e+01
   1.9609672e+01   2.0747701e+01
   1.9522832e+01   2.2036824e+01
   1.9404590e+01   1.9256064e+01
   1.9262823e+01   2.3239682e+01
   1.9095114e+01   1.7133752e+01
   1.8914429e+01   1.8321263e+01
   1.8732343e+01   1.8520834e+01
   1.8541383e+01   1.6640197e+01
   1.8341334e+01   2.2159631e+01
   1.8135327e+01   2.6129609e+01
   1.7933128e+01   2.1068468e+01
   1.7743962e+01   1.7173047e+01
   1.7575747e+01   1.8205294e+01
   1.7427553e+01   1.9448947e+01
   1.7307391e+01   1.6510535e+01
   1.7226729e+01   1.8326603e+01
   1.7187735e+01   1.3036018e+01
   1.7192455e+01   1.9351856e+01
   1.7239609e+01   1.5878310e+01
   1.7330154e+01   1.3691279e+01
   1.7466029e+01   2.0036928e+01
   1.7653719e+01   1.4323454e+01
   1.7885901e+01   1.8129018e+01
   1.8157238e+01   1.6849878e+01
   1.8467784e+01   1.7522771e+01
   1.8817918e+01   1.8349596e+01
   1.9204180e+01   1.5193712e+01
   1.9615935e+01   2.1511525e+01
   2.0046456e+01   2.3648304e+01
   2.0488548e+01   2.4023496e+01
   2.0936484e+01   2.1500487e+01
   2.1386260e+01   2.1634414e+01
   2.1834180e+01   2.1674079e+01
   2.2269543e+01   1.8530285e+01
   2.2689888e+01   2.6594752e+01
   2.3086971e+01   2.2527181e+01
   2.3456541e+01   2.6850036e+01
   2.3792142e+01   2.4947710e+01
   2.4096201e+01   2.0557105e+01
   2.4369508e+01   2.5520151e+01
   2.4604219e+01   2.4001234e+01
   2.4800887e+01   2.7878737e+01
   2.4967404e+01   2.3288470e+01
   2.5103124e+01   2.3376745e+01
   2.5206237e+01   2.4757701e+01
   2.5288114e+01   2.4602956e+01
   2.5362213e+01   3.5989198e+01
   2.5423548e+01   2.3465768e+01
   2.5483165e+01   2.6173021e+01
   2.5533567e+01   2.4397704e+01
   2.5583472e+01   2.2857666e+01
   2.5635911e+01   2.6605072e+01
   2.5697348e+01   2.4135927e+01
   2.5769691e+01   2.9896561e+01
   2.5851525e+01   3.4343426e+01
   2.5950017e+01   2.5151675e+01
   2.6056413e+01   2.8006860e+01
   2.6165531e+01   2.4079524e+01
   2.6296025e+01   2.6467541e+01
   2.6451558e+01   2.3426920e+01
   2.6631196e+01   2.9354273e+01
   2.6826363e+01   2.3538243e+01
   2.7028600e+01   2.6961579e+01
   2.7236942e+01   2.6618079e+01
   2.7452374e+01   2.4707410e+01
   2.7669498e+01   2.7840666e+01
   2.7879080e+01   2.6531461e+01
   2.8081353e+01   2.8250734e+01
   2.8275097e+01   2.9559788e+01
   2.8462929e+01   2.9647915e+01
   2.8640515e+01   3.0471343e+01
   2.8803117e+01   2.5817631e+01
   2.8946348e+01   3.1128141e+01
   2.9081019e+01   2.8343378e+01
   2.9199421e+01   2.9023403e+01
   2.9300116e+01   3.2330300e+01
   2.9386310e+01   2.8521186e+01
   2.9456136e+01   3.1801773e+01
   2.9502753e+01   2.7859748e+01
   2.9534287e+01   3.1145418e+01
   2.9557628e+01   2.9334201e+01
   2.9572856e+01   2.7834298e+01
   2.9581985e+01   3.2659353e+01
   2.9590931e+01   2.5443279e+01
   2.9602412e+01   3.2826180e+01
   2.9611024e+01   2.6796156e+01
   2.9624094e+01   2.9266685e+01
   2.9644187e+01   3.2188350e+01
   2.9674961e+01   2.8466405e+01
   2.9713577e+01   3.1364820e+01
   2.9760315e+01   2.4973799e+01
   2.9816998e+01   3.2935885e+01
   2.9879120e+01   2.5663595e+01
   2.9942306e+01   3.1243603e+01
   3.0006831e+01   2.9211296e+01
   3.0068677e+01   2.6777703e+01
   3.0119102e+01   3.0699506e+01
   3.0151456e+01   2.7346402e+01
   3.0170971e+01   3.0762993e+01
   3.0170846e+01   3.0608876e+01
   3.0153690e+01   3.1353708e+01
   3.0117654e+01   3.3240610e+01
   3.0058786e+01   2.6540407e+01
   2.9971406e+01   3.0802443e+01
   2.9855549e+01   2.5997218e+01
   2.9713430e+01   2.9128799e+01
   2.9544970e+01   3.1799099e+01
   2.9355296e+01   2.8575548e+01
   2.9148499e+01   3.2641314e+01
   2.8926196e+01   2.7927390e+01
   2.8689440e+01   3.1322126e+01
   2.8441537e+01   2.6979542e+01
   2.8191937e+01   2.7480784e+01
   2.7948292e+01   2.7875252e+01
   2.7709812e+01   2.6297411e+01
   2.7481233e+01   2.8383756e+01
   2.7262375e+01   3.3758270e+01
   2.7060468e+01   2.9733801e+01
   2.6879960e+01   3.3020690e+01
   2.6724386e+01   2.5514387e+01
   2.6595246e+01   2.7501430e+01
   2.6478815e+01   2.6187286e+01
   2.6390836e+01   2.7972817e+01
   2.6330480e+01   2.3233023e+01
   2.6290495e+01   2.8427977e+01
   2.6278038e+01   2.7006613e+01
   2.6294472e+01   2.4225155e+01
   2.6333539e+01   2.8843710e+01
   2.6397741e+01   2.6385124e+01
   2.6498686e+01   2.6996324e+01
   2.6624767e+01   2.2646521e+01
   2.6772220e+01   2.6177771e+01
   2.6938774e+01   2.6197660e+01
   2.7120948e+01   2.6433749e+01
   2.7315068e+01   3.0332903e+01
   2.7525180e+01   2.4245610e+01
   2.7753698e+01   2.8180543e+01
   2.7991274e+01   2.6032682e+01
   2.8233808e+01   2.8820042e+01
   2.8477540e+01   2.8371387e+01
   2.8722257e+01   2.6791068e+01
   2.8952905e+01   3.2065021e+01
   2.9175480e+01   2.7809606e+01
   2.9382204e+01   2.7023061e+01
   2.9561525e+01   3.2329110e+01
   2.9711694e+01   2.5902693e+01
   2.9829888e+01   3.4386138e+01
   2.9912046e+01   2.5426264e+01
   2.9952431e+01   3.1948477e+01
   2.9950453e+01   2.8144869e+01
   2.9905933e+01   3.0516648e+01
   2.9818264e+01   4.1945549e+01
   2.9686423e+01   2.7144827e+01
   2.9513384e+01   3.1927975e+01
   2.9299469e+01   2.5220207e+01
   2.9051987e+01   2.8506998e+01
   2.8769648e+01   2.8333475e+01
   2.8457482e+01   2.7203496e+01
   2.8117721e+01   2.9630604e+01
   2.7757998e+01   2.6588413e+01
   2.7383308e+01   3.9476477e+01
   2.6998637e+01   2.3781300e+01
   2.6610630e+01   2.5897211e+01
   2.6223086e+01   2.7471395e+01
   2.5836440e+01   2.3176568e+01
   2.5459279e+01   3.0324624e+01
   2.5093257e+01   2.4071048e+01
   2.4741055e+01   2.7993402e+01
   2.4403633e+01   2.4608794e+01
   2.4082717e+01   2.5371713e+01
   2.3778607e+01   2.3474140e+01
   2.3502250e+01   1.8831309e+01
   2.3267470e+01   2.6586688e+01
   2.3055508e+01   2.2046812e+01
   2.2868959e+01   2.5597255e+01
   2.2711912e+01   2.2812405e+01
   2.2589520e+01   2.1107893e+01
   2.2502715e+01   2.5854116e+01
   2.2451909e+01   2.6820094e+01
   2.2438309e+01   2.2189518e+01
   2.2458460e+01   2.4121666e+01
   2.2515219e+01   2.0511895e+01
   2.2603153e+01   2.5316295e+01
   2.2721813e+01   1.9341762e+01
   2.2871264e+01   2.6710523e+01
   2.3046717e+01   1.8813787e+01
   2.3243745e+01   2.2710594e+01
   2.3462735e+01   2.4830676e+01
   2.3697120e+01   2.3481034e+01
   2.3943104e+01   2.4279917e+01
   2.4195617e+01   2.1959787e+01
   2.4448331e+01   2.7413214e+01
   2.4708147e+01   2.4171992e+01
   2.4959936e+01   2.6195013e+01
   2.5204566e+01   2.4097301e+01
   2.5447661e+01   2.1211162e+01
   2.5685671e+01   2.9845430e+01
   2.5912774e+01   2.4641295e+01
   2.6115588e+01   2.5159606e+01
   2.6292651e+01   2.4868474e+01
   2.6451565e+01   2.6786206e+01
   2.6588847e+01   2.7174471e+01
   2.6704678e+01   2.2070254e+01
   2.6801501e+01   2.7795578e+01
   2.6879149e+01   2.3711124e+01
   2.6940592e+01   2.8582356e+01
   2.6982906e+01   2.9790422e+01
   2.7010868e+01   2.3862805e+01
   2.7027588e+01   2.9947262e+01
   2.7033101e+01   2.6831078e+01
   2.7027717e+01   2.8059252e+01
   2.7013617e+01   2.7585790e+01
   2.6992630e+01   2.6117195e+01
   2.6964822e+01   2.7199045e+01
   2.6931547e+01   2.5829619e+01
   2.6896436e+01   3.1064680e+01
   2.6859304e+01   2.2791413e+01
   2.6825030e+01   2.5705435e+01
   2.6792284e+01   2.6518829e+01
   2.6757636e+01   2.6565987e+01
   2.6717627e+01   2.6510963e+01
   2.6673192e+01   2.2188030e+01
   2.6622939e+01   2.7790501e+01
   2.6567662e+01   2.3774580e+01
   2.6519465e+01   2.8084517e+01
   2.6476879e+01   2.8677543e+01
   2.6439272e+01   2.3753140e+01
   2.6403422e+01   3.1250860e+01
   2.6373455e+01   2.1958492e+01
   2.6359130e+01   2.7065734e+01
   2.6343685e+01   2.5580571e+01
   2.6345809e+01   2.7697235e+01
   2.6373323e+01   2.9350103e+01
   2.6440186e+01   2.3282280e+01
   2.6546061e+01   2.6593512e+01
   2.6673543e+01   2.4369216e+01
   2.6822685e+01   2.4925479e+01
   2.6996471e+01   2.8847393e+01
   2.7194895e+01   2.8018553e+01
   2.7425230e+01   3.1236554e+01
   2.7686618e+01   2.6285111e+01
   2.7975892e+01   2.7787168e+01
   2.8291969e+01   2.6175698e+01
   2.8628264e+01   2.8783444e+01
   2.8988274e+01   2.9822840e+01
   2.9367604e+01   2.7597252e+01
   2.9757643e+01   3.4539007e+01
   3.0155334e+01   2.9254148e+01
   3.0558319e+01   3.1093814e+01
   3.0969598e+01   3.2493238e+01
   3.1359723e+01   3.2892897e+01
   3.1728146e+01   3.4916096e+01
   3.2080031e+01   2.9958933e+01
   3.2404167e+01   3.7184093e+01
   3.2704599e+01   3.3170015e+01
   3.2979550e+01   3.2989980e+01
   3.3227977e+01   4.3628795e+01
   3.3444257e+01   3.3324619e+01
   3.3637894e+01   3.6662694e+01
   3.3801029e+01   2.9318444e+01
   3.3945034e+01   3.4817964e+01
   3.4075369e+01   3.0900061e+01
   3.4198614e+01   3.3823777e+01
   3.4320031e+01   3.4148865e+01
   3.4444560e+01   3.0953186e+01
   3.4579976e+01   3.6392436e+01
   3.4732149e+01   3.2847539e+01
   3.4907936e+01   3.5343209e+01
   3.5109550e+01   3.6053125e+01
   3.5341134e+01   3.4327791e+01
   3.5606125e+01   3.5307860e+01
   3.5906320e+01   3.3387788e+01
   3.6242379e+01   3.8685379e+01
   3.6606310e+01   3.3592887e+01
   3.7000128e+01   3.5228780e+01
   3.7411923e+01   4.0342477e+01
   3.7841320e+01   3.3683616e+01
   3.8289668e+01   3.9167914e+01
   3.8750192e+01   3.6705433e+01
   3.9216175e+01   3.7635573e+01
   3.9678707e+01   3.7175613e+01
   4.0150748e+01   4.1300451e+01
   4.0610086e+01   4.0306883e+01
   4.1051947e+01   4.1076569e+01
   4.1471616e+01   4.5619465e+01
   4.1876660e+01   3.8139571e+01
   4.2281091e+01   4.4876856e+01
   4.2676952e+01   4.3612517e+01
   4.3059534e+01   4.2241978e+01
   4.3427908e+01   4.3649845e+01
   4.3778088e+01   4.0546285e+01
   4.4108568e+01   4.7287396e+01
   4.4422427e+01   5.0108106e+01
   4.4719684e+01   4.4269312e+01
   4.5003440e+01   4.5342797e+01
   4.5270886e+01   4.2020150e+01
   4.5522849e+01   4.8662966e+01
   4.5759780e+01   4.4338320e+01
   4.5978540e+01   4.5447478e+01
   4.6187885e+01   4.6311076e+01
   4.6390046e+01   4.4425618e+01
   4.6600453e+01   5.0830987e+01
   4.6799909e+01   4.3332362e+01
   4.6979405e+01   4.8952697e+01
   4.7146278e+01   4.6762469e+01
   4.7291832e+01   4.7694088e+01
   4.7418260e+01   4.8729904e+01
   4.7530392e+01   4.7478815e+01
   4.7633917e+01   4.8955585e+01
   4.7719140e+01   4.5635939e+01
   4.7796962e+01   5.0710293e+01
   4.7858337e+01   4.6932606e+01
   4.7899863e+01   4.9855222e+01
   4.7919756e+01   5.1503434e+01
   4.7919223e+01   4.7081300e+01
   4.7899462e+01   4.9127926e+01
   4.7860823e+01   4.6510680e+01
   4.7801074e+01   4.7285657e+01
   4.7716232e+01   4.9616440e+01
   4.7600281e+01   4.4220152e+01
   4.7460903e+01   4.8722312e+01
   4.7299956e+01   4.7162080e+01
   4.7117982e+01   4.8245245e+01
   4.6915863e+01   4.4114915e+01
   4.6701000e+01   4.4729127e+01
   4.6475373e+01   4.9591353e+01
   4.6239594e+01   4.4085114e+01
   4.5994721e+01   4.6733920e+01
   4.5738474e+01   4.2278868e+01
   4.5471317e+01   4.7470140e+01
   4.5192896e+01   4.6802133e+01
   4.4904217e+01   4.5620423e+01
   4.4604630e+01   4.5091839e+01
   4.4293274e+01   4.2857137e+01
   4.3967813e+01   4.6557730e+01
   4.3627613e+01   4.2567549e+01
   4.3273891e+01   4.2691403e+01
   4.2906400e+01   4.0771696e+01
   4.2525908e+01   4.6752896e+01
   4.2130633e+01   4.3551229e+01
   4.1721924e+01   4.0195128e+01
   4.1300362e+01   4.3614131e+01
   4.0873354e+01   3.7170559e+01
   4.0442791e+01   3.8802824e+01
   4.0012567e+01   4.2248611e+01
   3.9587112e+01   3.5896277e+01
   3.9167728e+01   4.1513796e+01
   3.8760328e+01   3.8363666e+01
   3.8369067e+01   3.7866334e+01
   3.7998912e+01   3.5957587e+01
   3.7651829e+01   3.4518924e+01
   3.7330084e+01   3.7449390e+01
   3.7040180e+01   3.5647866e+01
   3.6786268e+01   4.1222325e+01
   3.6569797e+01   3.6753623e+01
   3.6389474e+01   3.6728446e+01
   3.6248242e+01   3.9327021e+01
   3.6145798e+01   3.5499553e+01
   3.6073716e+01   3.7869793e+01
   3.6034362e+01   3.3791441e+01
   3.6025042e+01   3.6211408e+01
   3.6041175e+01   3.6771408e+01
   3.6082540e+01   3.7713190e+01
   3.6148167e+01   3.6064934e+01
   3.6236533e+01   3.3438662e+01
   3.6344352e+01   3.8122181e+01
   3.6468420e+01   3.2791304e+01
   3.6604294e+01   3.7134644e+01
   3.6750379e+01   3.8568375e+01
   3.6907645e+01   3.7547195e+01
   3.7078500e+01   4.0166982e+01
   3.7255316e+01   3.6464681e+01
   3.7433117e+01   3.8102172e+01
   3.7610366e+01   3.4275149e+01
   3.7780884e+01   3.7212075e+01
   3.7943799e+01   3.6976849e+01
   3.8098035e+01   3.6046812e+01
   3.8245583e+01   4.1352813e+01
   3.8387664e+01   3.7335499e+01
   3.8523840e+01   3.8626701e+01
   3.8653371e+01   3.8724554e+01
   3.8776959e+01   4.0168037e+01
   3.8890912e+01   4.2828047e+01
   3.8996382e+01   3.7788455e+01
   3.9093153e+01   4.3801299e+01
   3.9181008e+01   3.5122327e+01
   3.9259732e+01   5.0511530e+01
   3.9329518e+01   3.9706707e+01
   3.9392358e+01   3.7890741e+01
   3.9448216e+01   4.8536202e+01
   3.9498987e+01   3.5543886e+01
   3.9551561e+01   4.2028606e+01
   3.9607532e+01   3.7526333e+01
   3.9663772e+01   3.9645143e+01
   3.9723361e+01   4.3169108e+01
   3.9789335e+01   3.8076821e+01
   3.9865100e+01   4.0054896e+01
   3.9957174e+01   3.9555748e+01
   4.0065888e+01   4.3039381e+01
   4.0194580e+01   3.7540212e+01
   4.0348123e+01   4.1825853e+01
   4.0528763e+01   4.1351871e+01
   4.0740420e+01   3.9999909e+01
   4.0990725e+01   4.4754049e+01
   4.1281239e+01   3.8026779e+01
   4.1613643e+01   4.2950657e+01
   4.1991283e+01   4.0467868e+01
   4.2414008e+01   4.0009313e+01
   4.2882872e+01   4.6192640e+01
   4.3398856e+01   3.8260553e+01
   4.3958758e+01   4.5364867e+01
   4.4565310e+01   4.1546331e+01
   4.5214083e+01   4.7218017e+01
   4.5899371e+01   4.7279713e+01
   4.6617749e+01   4.3292077e+01
   4.7360238e+01   5.1541102e+01
   4.8031364e+01   4.4594702e+01
   4.8689542e+01   4.8791599e+01
   4.9371844e+01   4.8516524e+01
   5.0028749e+01   4.9737785e+01
   5.0649047e+01   5.2720681e+01
   5.1220650e+01   5.0262520e+01
   5.1733503e+01   5.2363470e+01
   5.2182990e+01   5.1550775e+01
   5.2557467e+01   5.2938238e+01
   5.2851886e+01   5.6090931e+01
   5.3058148e+01   5.2694174e+01
   5.3170519e+01   5.4477522e+01
   5.3189837e+01   5.2672947e+01
   5.3114015e+01   5.6154248e+01
   5.2942578e+01   5.0682841e+01
   5.2678001e+01   5.0158624e+01
   5.2322941e+01   5.3009348e+01
   5.1884979e+01   4.9799093e+01
   5.1370264e+01   5.1923927e+01
   5.0789909e+01   4.7618123e+01
   5.0158448e+01   4.9392701e+01
   4.9485263e+01   4.7627516e+01
   4.8785293e+01   4.6415868e+01
   4.8072882e+01   4.9899150e+01
   4.7360243e+01   4.6916284e+01
   4.6657404e+01   5.0267009e+01
   4.5973289e+01   4.6964995e+01
   4.5318505e+01   4.6797853e+01
   4.4708757e+01   4.4346546e+01
   4.4156745e+01   4.1507920e+01
   4.3663830e+01   4.5975645e+01
   4.3233660e+01   4.1263820e+01
   4.2869799e+01   4.2939539e+01
   4.2577645e+01   4.3901367e+01
   4.2354585e+01   4.1771029e+01
   4.2192824e+01   4.3892992e+01
   4.2087773e+01   4.0376019e+01
   4.2033720e+01   4.2821463e+01
   4.2016380e+01   3.9650221e+01
   4.2036452e+01   4.2103761e+01
   4.2099845e+01   4.2696587e+01
   4.2201096e+01   3.9525255e+01
   4.2328682e+01   4.3356326e+01
   4.2473912e+01   3.7583640e+01
   4.2632665e+01   4.2470743e+01
   4.2798304e+01   4.0741142e+01
   4.2963825e+01   4.3892848e+01
   4.3129415e+01   4.4495568e+01
   4.3294214e+01   3.8634981e+01
   4.3453289e+01   4.4829263e+01
   4.3610043e+01   4.2294488e+01
   4.3830748e+01   4.7315378e+01
   4.4027394e+01   4.5623101e+01
   4.4161602e+01   4.1523510e+01
   4.4281078e+01   4.4354833e+01
   4.4385148e+01   4.2340328e+01
   4.4478557e+01   4.6784479e+01
   4.4563546e+01   4.4005527e+01
   4.4638054e+01   4.2496991e+01
   4.4705875e+01   4.6844469e+01
   4.4766920e+01   4.3107642e+01
   4.4819313e+01   4.5518778e+01
   4.4862403e+01   4.2296798e+01
   4.4890073e+01   4.7782548e+01
   4.4903076e+01   4.2211167e+01
   4.4901594e+01   4.2648818e+01
   4.4885486e+01   4.7144815e+01
   4.4847887e+01   4.1453097e+01
   4.4786376e+01   4.5813202e+01
   4.4693772e+01   4.2336351e+01
   4.4562632e+01   4.3137687e+01
   4.4394874e+01   4.6129887e+01
   4.4187062e+01   4.3645171e+01
   4.3934205e+01   4.6489897e+01
   4.3637193e+01   4.8526501e+01
   4.3295491e+01   4.4946787e+01
   4.2910321e+01   3.9536200e+01
   4.2484538e+01   4.0196639e+01
   4.2023250e+01   4.1533790e+01
   4.1524067e+01   3.8151018e+01
   4.0989113e+01   4.1994450e+01
   4.0427162e+01   3.6985550e+01
   3.9842148e+01   4.1237392e+01
   3.9236944e+01   3.7431520e+01
   3.8618846e+01   3.5765979e+01
   3.7988533e+01   4.0047907e+01
   3.7354254e+01   3.5934083e+01
   3.6720975e+01   3.9249121e+01
   3.6090370e+01   3.4385361e+01
   3.5467925e+01   3.4730385e+01
   3.4856574e+01   3.6917577e+01
   3.4248440e+01   3.4570185e+01
   3.3646402e+01   3.7243795e+01
   3.3056216e+01   3.2403309e+01
   3.2483597e+01   3.3711233e+01
   3.1929000e+01   2.8600350e+01
   3.1392539e+01   3.1837370e+01
   3.0877534e+01   3.4814647e+01
   3.0379484e+01   2.8878431e+01
   2.9898010e+01   3.4151933e+01
   2.9444349e+01   3.2993549e+01
   2.9009752e+01   3.0315307e+01
   2.8595286e+01   2.9995031e+01
   2.8205075e+01   2.7350574e+01
   2.7846997e+01   3.1888556e+01
   2.7519392e+01   2.4715804e+01
   2.7213357e+01   3.1745173e+01
   2.6923342e+01   2.4009339e+01
   2.6651214e+01   2.5361070e+01
   2.6399681e+01   3.7685350e+01
   2.6175560e+01   2.2071285e+01
   2.5974941e+01   2.8822371e+01
   2.5796032e+01   2.4210733e+01
   2.5646831e+01   2.5476233e+01
   2.5529316e+01   2.3368056e+01
   2.5443493e+01   2.7154410e+01
   2.5391556e+01   2.8309125e+01
   2.5374654e+01   3.1003502e+01
   2.5394667e+01   2.8331541e+01
   2.5450964e+01   2.1977971e+01
   2.5548655e+01   2.7449933e+01
   2.5690675e+01   2.5561132e+01
   2.5867847e+01   2.1265682e+01
   2.6093314e+01   2.9487131e+01
   2.6367856e+01   2.4828974e+01
   2.6681905e+01   3.1286322e+01
   2.7040264e+01   2.6034956e+01
   2.7436377e+01   2.7861434e+01
   2.7865138e+01   2.9622386e+01
   2.8318871e+01   2.6919948e+01
   2.8797964e+01   3.2681436e+01
   2.9312601e+01   2.8745033e+01
   2.9855832e+01   2.8955574e+01
   3.0423011e+01   2.9311980e+01
   3.1010738e+01   2.8266494e+01
   3.1609560e+01   3.4947054e+01
   3.2230096e+01   2.9661758e+01
   3.2867347e+01   3.3404783e+01
   3.3518365e+01   2.9888141e+01
   3.4183480e+01   3.3321659e+01
   3.4863165e+01   3.6390395e+01
   3.5545457e+01   3.3771016e+01
   3.6234947e+01   3.7423838e+01
   3.6936336e+01   3.4914646e+01
   3.7646250e+01   3.7845904e+01
   3.8360761e+01   3.8741598e+01
   3.9075655e+01   3.6316902e+01
   3.9787696e+01   3.9657151e+01
   4.0492273e+01   3.7022070e+01
   4.1187479e+01   4.5051465e+01
   4.1870708e+01   3.9860270e+01
   4.2529599e+01   4.6011080e+01
   4.3168759e+01   4.5258792e+01
   4.3783975e+01   4.2317087e+01
   4.4366673e+01   4.7582844e+01
   4.4910858e+01   4.1702209e+01
   4.5418578e+01   4.6403544e+01
   4.5894204e+01   4.1925431e+01
   4.6332752e+01   4.6806783e+01
   4.6726922e+01   4.7427752e+01
   4.7073536e+01   4.4558553e+01
   4.7369354e+01   5.1977459e+01
   4.7624473e+01   4.3717946e+01
   4.7839255e+01   4.8992314e+01
   4.8008624e+01   4.9713616e+01
   4.8137793e+01   4.7076917e+01
   4.8229001e+01   5.1444121e+01
   4.8283604e+01   4.4332255e+01
   4.8305053e+01   5.7953357e+01
   4.8296242e+01   4.7547712e+01
   4.8261170e+01   4.8652596e+01
   4.8202948e+01   4.9241343e+01
   4.8127232e+01   4.5923942e+01
   4.8034765e+01   4.9536820e+01
   4.7923308e+01   4.4939733e+01
   4.7797496e+01   4.9305498e+01
   4.7668228e+01   4.8717566e+01
   4.7534609e+01   4.5427477e+01
   4.7398107e+01   4.7870189e+01
   4.7258979e+01   4.3913127e+01
   4.7122520e+01   4.7944213e+01
   4.6985793e+01   4.4414067e+01
   4.6835363e+01   4.6279314e+01
   4.6679974e+01   4.4136229e+01
   4.6522145e+01   4.3313518e+01
   4.6361958e+01   4.8063113e+01
   4.6210969e+01   4.2742814e+01
   4.6061940e+01   5.0547109e+01
   4.5912092e+01   4.3491830e+01
   4.5761284e+01   4.5172393e+01
   4.5609743e+01   4.4340016e+01
   4.5456773e+01   4.4925012e+01
   4.5304061e+01   4.7089700e+01
   4.5146343e+01   4.3430906e+01
   4.4979386e+01   4.5934162e+01
   4.4810497e+01   4.2210195e+01
   4.4640921e+01   4.5557521e+01
   4.4473440e+01   4.7071657e+01
   4.4309213e+01   4.2404434e+01
   4.4148053e+01   4.8382176e+01
   4.3994502e+01   4.2954883e+01
   4.3850221e+01   4.5297772e+01
   4.3717022e+01   4.1237839e+01
   4.3594615e+01   4.4514260e+01
   4.3485371e+01   4.5502241e+01
   4.3391206e+01   4.2021216e+01
   4.3308742e+01   4.3502529e+01
   4.3237199e+01   4.3589819e+01
   4.3172149e+01   4.4216705e+01
   4.3113085e+01   4.3989359e+01
   4.3062224e+01   4.1587439e+01
   4.3017219e+01   4.4171227e+01
   4.2974448e+01   3.8419868e+01
   4.2929477e+01   4.3584983e+01
   4.2884321e+01   4.4368796e+01
   4.2836171e+01   4.1732879e+01
   4.2780556e+01   4.5716298e+01
   4.2716150e+01   3.8664542e+01
   4.2642021e+01   4.3993196e+01
   4.2559371e+01   4.0177565e+01
   4.2467611e+01   4.3026564e+01
   4.2364236e+01   4.1680244e+01
   4.2250685e+01   4.1508387e+01
   4.2133470e+01   4.2851233e+01
   4.2012912e+01   3.8183856e+01
   4.1888076e+01   4.6025616e+01
   4.1755998e+01   4.0854702e+01
   4.1615948e+01   3.9355048e+01
   4.1468386e+01   4.4304001e+01
   4.1314618e+01   3.7474954e+01
   4.1153824e+01   4.5891770e+01
   4.0981799e+01   4.1188923e+01
   4.0794081e+01   4.2399389e+01
   4.0591264e+01   3.9693840e+01
   4.0369876e+01   4.6703339e+01
   4.0130116e+01   4.8139665e+01
   3.9871205e+01   3.5660096e+01
   3.9581155e+01   4.0863935e+01
   3.9265942e+01   3.5948331e+01
   3.8929484e+01   3.8810837e+01
   3.8572534e+01   3.8590091e+01
   3.8193118e+01   3.6631269e+01
   3.7797947e+01   3.9267552e+01
   3.7394560e+01   3.5267163e+01
   3.6984004e+01   3.8733583e+01
   3.6569049e+01   3.6919462e+01
   3.6153812e+01   3.6136522e+01
   3.5745338e+01   3.8949735e+01
   3.5356672e+01   3.4128357e+01
   3.4990563e+01   3.8877327e+01
   3.4648708e+01   3.0914212e+01
   3.4340623e+01   3.7124686e+01
   3.4064836e+01   3.3567881e+01
   3.3828214e+01   3.1727219e+01
   3.3636932e+01   3.3566276e+01
   3.3495122e+01   3.2458552e+01
   3.3404836e+01   3.6255159e+01
   3.3366516e+01   3.4164485e+01
   3.3385969e+01   3.3681965e+01
   3.3467346e+01   3.2021514e+01
   3.3600526e+01   3.3585535e+01
   3.3799347e+01   3.8594429e+01
   3.4067652e+01   3.1588346e+01
   3.4395538e+01   3.4013939e+01
   3.4778713e+01   3.2909159e+01
   3.5215065e+01   3.2971651e+01
   3.5701550e+01   3.9560408e+01
   3.6240505e+01   3.4263051e+01
   3.6826046e+01   4.9011727e+01
   3.7455187e+01   3.6228835e+01
   3.8120261e+01   3.9825302e+01
   3.8817397e+01   3.9766692e+01
   3.9545627e+01   3.9911813e+01
   4.0293582e+01   4.0401297e+01
   4.1049013e+01   3.9668854e+01
   4.1813344e+01   4.6025564e+01
   4.2580653e+01   4.3596118e+01
   4.3349316e+01   4.2603736e+01
   4.4112875e+01   4.6279272e+01
   4.4863620e+01   4.3788270e+01
   4.5599246e+01   4.6916685e+01
   4.6310132e+01   4.5602959e+01
   4.6992731e+01   4.8484112e+01
   4.7638547e+01   4.9761144e+01
   4.8241113e+01   4.5776555e+01
   4.8798160e+01   5.1595321e+01
   4.9306887e+01   4.5549510e+01
   4.9767221e+01   5.2101175e+01
   5.0177680e+01   4.8002654e+01
   5.0533697e+01   5.2862028e+01
   5.0839484e+01   5.2715558e+01
   5.1092188e+01   5.0267577e+01
   5.1297031e+01   5.3611023e+01
   5.1451211e+01   4.8057017e+01
   5.1557917e+01   5.1896713e+01
   5.1625460e+01   4.8413207e+01
   5.1654443e+01   5.2281810e+01
   5.1647676e+01   5.2880831e+01
   5.1605433e+01   5.1253637e+01
   5.1528587e+01   5.1554319e+01
   5.1425510e+01   5.1746717e+01
   5.1304247e+01   5.0368861e+01
   5.1161250e+01   5.3330341e+01
   5.1009595e+01   5.0877349e+01
   5.0847632e+01   5.3459596e+01
   5.0674456e+01   4.9851052e+01
   5.0490153e+01   5.4302923e+01
   5.0295792e+01   4.6575197e+01
   5.0094499e+01   5.0633669e+01
   4.9879975e+01   5.0002055e+01
   4.9649304e+01   4.5967955e+01
   4.9409069e+01   5.1036773e+01
   4.9138473e+01   4.7574125e+01
   4.8839017e+01   5.1522890e+01
   4.8518666e+01   4.7724383e+01
   4.8175659e+01   4.8301099e+01
   4.7808379e+01   4.8290048e+01
   4.7415928e+01   4.4592186e+01
   4.6995545e+01   5.1887838e+01
   4.6548881e+01   4.3147004e+01
   4.6075446e+01   5.3322707e+01
   4.5578840e+01   4.5083383e+01
   4.5061516e+01   4.5983661e+01
   4.4529464e+01   4.7819127e+01
   4.3992234e+01   3.9144108e+01
   4.3448097e+01   4.4116976e+01
   4.2904525e+01   4.2625103e+01
   4.2366329e+01   4.2592556e+01
   4.1843843e+01   4.3556751e+01
   4.1343476e+01   4.1515660e+01
   4.0869416e+01   4.3381141e+01
   4.0420128e+01   3.9093768e+01
   4.0008763e+01   4.2416221e+01
   3.9641784e+01   3.6931253e+01
   3.9324385e+01   3.6564405e+01
   3.9055515e+01   4.0866004e+01
   3.8836423e+01   3.8085984e+01
   3.8664284e+01   3.9011015e+01
   3.8540048e+01   3.4887511e+01
   3.8461459e+01   3.7996200e+01
   3.8425449e+01   3.7601139e+01
   3.8426735e+01   3.5352470e+01
   3.8458902e+01   4.2295203e+01
   3.8514151e+01   3.4005936e+01
   3.8586042e+01   3.9487182e+01
   3.8666245e+01   3.5724258e+01
   3.8746557e+01   3.9880013e+01
   3.8818375e+01   4.2565544e+01
   3.8874727e+01   3.4216648e+01
   3.8912779e+01   3.9404197e+01
   3.8915647e+01   3.7412150e+01
   3.8877237e+01   3.8350074e+01
   3.8794209e+01   3.9173743e+01
   3.8664875e+01   3.5554793e+01
   3.8479990e+01   3.8176462e+01
   3.8241315e+01   3.7511709e+01
   3.7951943e+01   4.1866946e+01
   3.7611909e+01   3.7585513e+01
   3.7227855e+01   3.7812185e+01
   3.6801889e+01   3.5759869e+01
   3.6336800e+01   3.5318268e+01
   3.5837102e+01   3.6020876e+01
   3.5309167e+01   3.2775014e+01
   3.4762781e+01   3.7708969e+01
   3.4202085e+01   3.4020775e+01
   3.3637791e+01   3.3090953e+01
   3.3075194e+01   3.5248016e+01
   3.2518843e+01   3.1032359e+01
   3.1974471e+01   3.6788968e+01
   3.1445733e+01   3.0974567e+01
   3.0938934e+01   2.9484752e+01
   3.0459928e+01   2.8522004e+01
   3.0012405e+01   3.0658618e+01
   2.9598881e+01   2.9624952e+01
   2.9218767e+01   2.6181008e+01
   2.8873180e+01   3.1202587e+01
   2.8572409e+01   2.9176358e+01
   2.8311363e+01   2.6451074e+01
   2.8095730e+01   2.7177690e+01
   2.7917648e+01   2.3756220e+01
   2.7776596e+01   2.9683898e+01
   2.7675955e+01   2.7450162e+01
   2.7616655e+01   2.8156715e+01
   2.7584808e+01   2.7328317e+01
   2.7582767e+01   2.8229727e+01
   2.7608759e+01   3.0913779e+01
   2.7665537e+01   2.5189491e+01
   2.7748447e+01   2.9244953e+01
   2.7857430e+01   2.3772341e+01
   2.7989808e+01   2.6507942e+01
   2.8147828e+01   2.8240104e+01
   2.8330346e+01   2.5101328e+01
   2.8535347e+01   3.1221187e+01
   2.8763951e+01   2.4950874e+01
   2.9010246e+01   2.9219415e+01
   2.9271224e+01   2.7066508e+01
   2.9545291e+01   2.8056469e+01
   2.9832660e+01   3.3374308e+01
   3.0133290e+01   2.7898118e+01
   3.0440322e+01   3.3312613e+01
   3.0750094e+01   2.6892469e+01
   3.1067209e+01   3.3163565e+01
   3.1385736e+01   3.1670599e+01
   3.1700151e+01   2.9625065e+01
   3.2007442e+01   3.4097785e+01
   3.2306359e+01   2.8107992e+01
   3.2592634e+01   3.2940340e+01
   3.2867799e+01   3.0071577e+01
   3.3124282e+01   3.3491057e+01
   3.3359080e+01   3.3212775e+01
   3.3570972e+01   3.2185966e+01
   3.3762914e+01   3.5760261e+01
   3.3934647e+01   3.3794017e+01
   3.4082783e+01   3.7592751e+01
   3.4206014e+01   3.5966620e+01
   3.4303729e+01   3.5759332e+01
   3.4374251e+01   3.6052512e+01
   3.4422422e+01   3.1632896e+01
   3.4452211e+01   3.5600109e+01
   3.4460213e+01   3.0403003e+01
   3.4452900e+01   3.6077538e+01
   3.4424861e+01   3.3368165e+01
   3.4378611e+01   3.3352231e+01
   3.4317305e+01   3.6724327e+01
   3.4245682e+01   3.3097265e+01
   3.4164209e+01   3.4447733e+01
   3.4074751e+01   3.0865731e+01
   3.3980402e+01   3.4985192e+01
   3.3887162e+01   3.4389912e+01
   3.3794973e+01   3.0266899e+01
   3.3710036e+01   3.7123055e+01
   3.3636049e+01   3.2678271e+01
   3.3569687e+01   3.5348227e+01
   3.3516388e+01   3.1916898e+01
   3.3480303e+01   3.0409913e+01
   3.3454074e+01   3.4825506e+01
   3.3439875e+01   2.9158506e+01
   3.3433459e+01   3.5168413e+01
   3.3434838e+01   3.0326202e+01
   3.3439983e+01   3.6249437e+01
   3.3446135e+01   3.3561550e+01
   3.3450538e+01   2.9935225e+01
   3.3448409e+01   3.3649233e+01
   3.3438299e+01   2.9347352e+01
   3.3422727e+01   3.3582930e+01
   3.3397593e+01   3.3799200e+01
   3.3361657e+01   3.0920639e+01
   3.3313006e+01   3.4136588e+01
   3.3245996e+01   2.8807702e+01
   3.3161871e+01   3.7467064e+01
   3.3063973e+01   3.3318700e+01
   3.2949856e+01   3.3764536e+01
   3.2820506e+01   2.9913477e+01
   3.2680661e+01   2.9352839e+01
   3.2531205e+01   3.7088278e+01
   3.2373877e+01   2.9005335e+01
   3.2212425e+01   3.5378210e+01
   3.2052478e+01   3.2042046e+01
   3.1892463e+01   3.0093421e+01
   3.1742599e+01   3.3475992e+01
   3.1606249e+01   2.8736450e+01
   3.1486496e+01   3.3215928e+01
   3.1384271e+01   2.6526418e+01
   3.1301725e+01   3.1099496e+01
   3.1241783e+01   3.3020972e+01
   3.1203681e+01   2.8421349e+01
   3.1187796e+01   3.8790807e+01
   3.1193899e+01   2.6852858e+01
   3.1221605e+01   3.2336204e+01
   3.1265944e+01   3.0773967e+01
   3.1330366e+01   3.0610307e+01
   3.1408641e+01   3.0065324e+01
   3.1504954e+01   2.7555396e+01
   3.1615071e+01   3.2537651e+01
   3.1734789e+01   2.8577936e+01
   3.1863051e+01   3.5226019e+01
   3.1997558e+01   3.3260610e+01
   3.2140704e+01   3.3290147e+01
   3.2285497e+01   3.3616483e+01
   3.2431421e+01   3.1317238e+01
   3.2577242e+01   3.4070869e+01
   3.2720603e+01   2.9391439e+01
   3.2860683e+01   3.5572437e+01
   3.3003102e+01   3.2883298e+01
   3.3144918e+01   3.3207217e+01
   3.3284868e+01   3.6033330e+01
   3.3422875e+01   3.2260887e+01
   3.3555907e+01   3.6434139e+01
   3.3687614e+01   3.4210786e+01
   3.3817286e+01   3.4262796e+01
   3.3948797e+01   3.6143460e+01
   3.4083508e+01   3.1337799e+01
   3.4219861e+01   3.4895825e+01
   3.4362252e+01   4.0678045e+01
   3.4507624e+01   3.5089137e+01
   3.4655024e+01   3.3644929e+01
   3.4810923e+01   3.5553601e+01
   3.4976871e+01   3.3990273e+01
   3.5153013e+01   3.2653651e+01
   3.5340315e+01   4.6187294e+01
   3.5540911e+01   3.2891651e+01
   3.5754013e+01   3.8154544e+01
   3.5981270e+01   3.5262801e+01
   3.6220112e+01   3.2836268e+01
   3.6469313e+01   4.7203238e+01
   3.6727562e+01   3.4824630e+01
   3.6994806e+01   3.9271612e+01
   3.7269198e+01   3.5289052e+01
   3.7545336e+01   3.8050111e+01
   3.7823567e+01   4.0728170e+01
   3.8100779e+01   3.7332136e+01
   3.8377551e+01   3.9557972e+01
   3.8649979e+01   3.6990747e+01
   3.8913435e+01   4.2256937e+01
   3.9164762e+01   3.7078185e+01
   3.9401002e+01   3.8457980e+01
   3.9619498e+01   3.9393657e+01
   3.9819759e+01   3.7269136e+01
   4.0000491e+01   4.1612335e+01
   4.0159674e+01   3.8657650e+01
   4.0297296e+01   4.1888233e+01
   4.0413615e+01   4.1691261e+01
   4.0509557e+01   3.7418388e+01
   4.0583141e+01   4.2721179e+01
   4.0635529e+01   4.6538279e+01
   4.0673082e+01   4.5005150e+01
   4.0698461e+01   3.7913931e+01
   4.0713249e+01   3.9632172e+01
   4.0719120e+01   5.0331689e+01
   4.0723918e+01   3.8790063e+01
   4.0729215e+01   4.3280000e+01
   4.0733260e+01   4.0667315e+01
   4.0743215e+01   4.2158560e+01
   4.0761380e+01   3.8161070e+01
   4.0785162e+01   3.9149968e+01
   4.0814473e+01   4.0715640e+01
   4.0854407e+01   4.0623662e+01
   4.0904721e+01   4.4549347e+01
   4.0966168e+01   3.7892531e+01
   4.1034741e+01   4.2398146e+01
   4.1109242e+01   4.1389564e+01
   4.1188212e+01   3.8547096e+01
   4.1267270e+01   5.2883171e+01
   4.1345890e+01   3.7488894e+01
   4.1421657e+01   4.4753034e+01
   4.1492071e+01   4.1099414e+01
   4.1555946e+01   4.0936712e+01
   4.1612520e+01   4.2850028e+01
   4.1663716e+01   3.9631458e+01
   4.1705485e+01   4.5652799e+01
   4.1737671e+01   3.9846031e+01
   4.1760767e+01   4.5245254e+01
   4.1774635e+01   4.0841197e+01
   4.1777341e+01   3.9804037e+01
   4.1771376e+01   4.6116137e+01
   4.1755195e+01   4.8483600e+01
   4.1727666e+01   4.3036221e+01
   4.1687998e+01   4.0523872e+01
   4.1637447e+01   4.8852952e+01
   4.1578938e+01   5.0717309e+01
   4.1512627e+01   4.0596805e+01
   4.1442501e+01   4.4357000e+01
   4.1365633e+01   3.8649849e+01
   4.1256636e+01   4.4918496e+01
   4.1157195e+01   4.1350001e+01
   4.1054431e+01   4.2328997e+01
   4.0952449e+01   4.2686670e+01
   4.0852370e+01   3.8477708e+01
   4.0753606e+01   4.3511189e+01
   4.0656837e+01   3.8499733e+01
   4.0563953e+01   4.0301753e+01
   4.0478117e+01   4.1281800e+01
   4.0397264e+01   4.1102620e+01
   4.0318574e+01   4.3280163e+01
   4.0242966e+01   3.7253526e+01
   4.0164147e+01   4.4461220e+01
   4.0077369e+01   3.6455279e+01
   3.9982026e+01   4.0420775e+01
   3.9874409e+01   4.3300148e+01
   3.9757222e+01   3.6796114e+01
   3.9624666e+01   4.1251485e+01
   3.9474115e+01   4.3410862e+01
   3.9305737e+01   4.3093505e+01
   3.9117134e+01   4.0400070e+01
   3.8910342e+01   3.9456535e+01
   3.8686195e+01   4.1653747e+01
   3.8448783e+01   3.6313859e+01
   3.8198255e+01   4.1386844e+01
   3.7938676e+01   3.6594441e+01
   3.7674833e+01   3.8419816e+01
   3.7406897e+01   3.7086666e+01
   3.7137391e+01   4.2948803e+01
   3.6863390e+01   3.8263071e+01
   3.6589104e+01   3.3202765e+01
   3.6320038e+01   3.7032855e+01
   3.6053725e+01   3.5849303e+01
   3.5793465e+01   3.3903041e+01
   3.5541218e+01   3.8978085e+01
   3.5292806e+01   3.5348770e+01
   3.5044029e+01   3.9376321e+01
   3.4799548e+01   3.4248483e+01
   3.4560279e+01   3.3571529e+01
   3.4321240e+01   3.2951003e+01
   3.4082213e+01   3.1714356e+01
   3.3843919e+01   3.4477992e+01
   3.3607196e+01   3.0414447e+01
   3.3375721e+01   3.4700323e+01
   3.3146992e+01   2.9181756e+01
   3.2921237e+01   3.3178474e+01
   3.2699066e+01   3.0368138e+01
   3.2481440e+01   2.8984206e+01
   3.2273187e+01   3.4000647e+01
   3.2075468e+01   2.9340826e+01
   3.1892930e+01   3.5972054e+01
   3.1750008e+01   3.0952871e+01
   3.1609650e+01   3.3414525e+01
   3.1492529e+01   3.3470694e+01
   3.1397232e+01   2.8216026e+01
   3.1328848e+01   3.2882094e+01
   3.1289158e+01   3.0032727e+01
   3.1281001e+01   3.3913241e+01
   3.1305463e+01   3.0631620e+01
   3.1361734e+01   3.1863378e+01
   3.1451010e+01   3.5826336e+01
   3.1578213e+01   3.0239925e+01
   3.1743156e+01   3.2013190e+01
   3.1949549e+01   2.8639276e+01
   3.2192654e+01   3.4362603e+01
   3.2465786e+01   3.4227287e+01
   3.2772653e+01   3.0356297e+01
   3.3104349e+01   3.3996190e+01
   3.3460701e+01   3.1374697e+01
   3.3837157e+01   3.3578948e+01
   3.4231542e+01   3.4847919e+01
   3.4638827e+01   3.3037135e+01
   3.5051219e+01   3.8051083e+01
   3.5465388e+01   3.5263050e+01
   3.5873233e+01   3.9726680e+01
   3.6269885e+01   3.5664961e+01
   3.6651063e+01   3.5604233e+01
   3.7011808e+01   3.5214377e+01
   3.7351997e+01   3.5040717e+01
   3.7666363e+01   4.2096695e+01
   3.7959187e+01   3.4617912e+01
   3.8235502e+01   4.2187647e+01
   3.8500885e+01   3.5843754e+01
   3.8776072e+01   3.8545658e+01
   3.9057770e+01   3.9694270e+01
   3.9337363e+01   3.8094129e+01
   3.9617121e+01   4.1995330e+01
   3.9901626e+01   3.9144220e+01
   4.0200888e+01   3.9027453e+01
   4.0521270e+01   4.0816162e+01
   4.0803343e+01   4.0317988e+01
   4.1127950e+01   4.2826749e+01
   4.1479655e+01   3.9520367e+01
   4.1859731e+01   4.2720337e+01
   4.2269069e+01   3.8960870e+01
   4.2716435e+01   4.4160827e+01
   4.3198990e+01   4.5075221e+01
   4.3714970e+01   4.1515952e+01
   4.4260897e+01   4.7592274e+01
   4.4828887e+01   4.2655624e+01
   4.5409409e+01   4.8588564e+01
   4.5988863e+01   4.6836430e+01
   4.6559151e+01   4.5184973e+01
   4.7103011e+01   5.1213325e+01
   4.7610850e+01   4.5677449e+01
   4.8068597e+01   5.0977112e+01
   4.8452221e+01   4.4396263e+01
   4.8750226e+01   4.8853110e+01
   4.8949441e+01   4.9320864e+01
   4.9042196e+01   4.7105431e+01
   4.9021982e+01   5.2168545e+01
   4.8884816e+01   4.7636287e+01
   4.8634210e+01   4.9094970e+01
   4.8266727e+01   4.8078837e+01
   4.7786087e+01   4.9828670e+01
   4.7201866e+01   4.8296660e+01
   4.6527450e+01   4.1955139e+01
   4.5774248e+01   4.6678711e+01
   4.4958757e+01   5.1606704e+01
   4.4093261e+01   4.5121527e+01
   4.3196316e+01   4.3788884e+01
   4.2280214e+01   4.1921605e+01
   4.1358398e+01   4.4930570e+01
   4.0446362e+01   3.9626574e+01
   3.9554748e+01   4.3181601e+01
   3.8697105e+01   3.4853435e+01
   3.7882253e+01   3.8795221e+01
   3.7119556e+01   3.9709035e+01
   3.6414121e+01   3.2286098e+01
   3.5770948e+01   3.6457713e+01
   3.5178719e+01   3.2658516e+01
   3.4646181e+01   3.5218636e+01
   3.4166814e+01   3.5605045e+01
   3.3735879e+01   3.4720404e+01
   3.3346589e+01   3.4727913e+01
   3.3007766e+01   3.3232517e+01
   3.2729767e+01   3.6964538e+01
   3.2513622e+01   3.0753579e+01
   3.2351319e+01   3.2665895e+01
   3.2233677e+01   3.4502165e+01
   3.2153805e+01   3.0394204e+01
   3.2158514e+01   3.2543665e+01
   3.2157410e+01   2.8401517e+01
   3.2175111e+01   3.5706493e+01
   3.2202405e+01   3.2132110e+01
   3.2233492e+01   3.1831042e+01
   3.2260125e+01   3.3754370e+01
   3.2280514e+01   3.1405458e+01
   3.2297175e+01   3.4877750e+01
   3.2306486e+01   2.9646964e+01
   3.2305501e+01   3.3053484e+01
   3.2298152e+01   2.9336504e+01
   3.2285239e+01   3.1788018e+01
   3.2266186e+01   3.4658213e+01
   3.2242432e+01   2.8309719e+01
   3.2202576e+01   3.5429769e+01
   3.2160866e+01   2.8001426e+01
   3.2129034e+01   3.1331329e+01
   3.2104265e+01   3.1179934e+01
   3.2088432e+01   3.1070180e+01
   3.2080657e+01   3.4277703e+01
   3.2086839e+01   2.9991958e+01
   3.2111667e+01   3.2439269e+01
   3.2147857e+01   3.1401233e+01
   3.2202665e+01   3.2861051e+01
   3.2278900e+01   3.5566527e+01
   3.2379361e+01   3.0995151e+01
   3.2502053e+01   3.3041604e+01
   3.2646383e+01   2.9094328e+01
   3.2809615e+01   3.2570896e+01
   3.2997600e+01   3.1562280e+01
   3.3196092e+01   3.1782041e+01
   3.3411770e+01   3.6373808e+01
   3.3640727e+01   3.2532424e+01
   3.3883725e+01   3.5373002e+01
   3.4143620e+01   3.3461918e+01
   3.4414034e+01   3.5025429e+01
   3.4693053e+01   3.5124279e+01
   3.4977727e+01   3.2854896e+01
   3.5268511e+01   3.6012073e+01
   3.5565826e+01   3.5271485e+01
   3.5877206e+01   3.7187753e+01
   3.6186622e+01   3.6513394e+01
   3.6487174e+01   3.6953798e+01
   3.6775698e+01   3.8403062e+01
   3.7051209e+01   3.4606745e+01
   3.7312857e+01   4.1858536e+01
   3.7559275e+01   3.5720174e+01
   3.7787759e+01   3.6501401e+01
   3.7997079e+01   3.9871678e+01
   3.8183122e+01   3.7296873e+01
   3.8343786e+01   3.9107164e+01
   3.8477283e+01   3.5207081e+01
   3.8582194e+01   4.2927892e+01
   3.8654772e+01   3.5118461e+01
   3.8699617e+01   4.0369902e+01
   3.8715224e+01   3.7547962e+01
   3.8701558e+01   3.8582249e+01
   3.8660423e+01   4.0689823e+01
   3.8587260e+01   3.7672303e+01
   3.8486101e+01   4.0085441e+01
   3.8362549e+01   3.5799137e+01
   3.8214495e+01   3.8386584e+01
   3.8050682e+01   3.8599007e+01
   3.7873902e+01   3.7452735e+01
   3.7701019e+01   3.8706797e+01
   3.7536488e+01   3.5394494e+01
   3.7363480e+01   3.8852474e+01
   3.7187725e+01   3.7836824e+01
   3.7021814e+01   3.5516254e+01
   3.6865526e+01   4.5291547e+01
   3.6717299e+01   3.3496467e+01
   3.6579976e+01   3.7643304e+01
   3.6456981e+01   3.4986670e+01
   3.6352426e+01   3.6538356e+01
   3.6272490e+01   3.8021627e+01
   3.6218721e+01   3.4314898e+01
   3.6189346e+01   3.7504913e+01
   3.6184556e+01   3.6300013e+01
   3.6203334e+01   3.5848397e+01
   3.6248339e+01   3.4420016e+01
   3.6313986e+01   3.5368354e+01
   3.6403566e+01   4.0183324e+01
   3.6507105e+01   3.2899985e+01
   3.6623368e+01   4.1107903e+01
   3.6741446e+01   3.4702366e+01
   3.6855302e+01   3.9160756e+01
   3.6961691e+01   3.8790637e+01
   3.7055112e+01   3.6427877e+01
   3.7128782e+01   4.0399184e+01
   3.7179628e+01   3.5191950e+01
   3.7202261e+01   4.0031880e+01
   3.7195911e+01   3.5702295e+01
   3.7155285e+01   3.6326892e+01
   3.7081739e+01   4.0730971e+01
   3.6972348e+01   3.5034603e+01
   3.6821059e+01   3.7954279e+01
   3.6638049e+01   3.4830099e+01
   3.6426422e+01   4.7402039e+01
   3.6187295e+01   3.6055618e+01
   3.5923715e+01   4.3912027e+01
   3.5637372e+01   3.8563532e+01
   3.5335014e+01   3.4133510e+01
   3.5017228e+01   3.5508756e+01
   3.4690626e+01   3.3607609e+01
   3.4365846e+01   3.6778995e+01
   3.4046484e+01   3.6345091e+01
   3.3747704e+01   3.2631315e+01
   3.3479106e+01   3.5957371e+01
   3.3242195e+01   2.8838598e+01
   3.3040790e+01   3.6256040e+01
   3.2881155e+01   3.2729467e+01
   3.2766011e+01   3.4377593e+01
   3.2705062e+01   3.5440867e+01
   3.2698038e+01   3.2374489e+01
   3.2739817e+01   3.3285927e+01
   3.2835224e+01   3.1472522e+01
   3.2994133e+01   3.3108917e+01
   3.3224284e+01   3.2903661e+01
   3.3522431e+01   3.0205739e+01
   3.3882473e+01   3.5915728e+01
   3.4304810e+01   3.2873831e+01
   3.4787289e+01   3.4775184e+01
   3.5316753e+01   3.5450034e+01
   3.5880327e+01   3.4680834e+01
   3.6471498e+01   3.6728814e+01
   3.7078584e+01   3.4787190e+01
   3.7700321e+01   3.9996114e+01
   3.8319357e+01   3.6903261e+01
   3.8923853e+01   4.0186326e+01
   3.9502976e+01   3.8119394e+01
   4.0044818e+01   3.7241281e+01
   4.0546830e+01   4.0109751e+01
   4.0996030e+01   3.8834445e+01
   4.1379464e+01   4.6208912e+01
   4.1688961e+01   4.2436288e+01
   4.1920517e+01   4.0229007e+01
   4.2066571e+01   4.1560192e+01
   4.2122333e+01   3.8304677e+01
   4.2082327e+01   4.5218113e+01
   4.1945657e+01   3.9410777e+01
   4.1711970e+01   4.3449685e+01
   4.1382812e+01   4.0433606e+01
   4.0966119e+01   4.1796360e+01
   4.0466972e+01   4.2399698e+01
   3.9890266e+01   3.8590084e+01
   3.9240106e+01   4.2550551e+01
   3.8526159e+01   3.7095972e+01
   3.7750790e+01   4.1182791e+01
   3.6927724e+01   3.6894752e+01
   3.6069194e+01   3.4336311e+01
   3.5182810e+01   3.7829117e+01
   3.4286314e+01   3.3399570e+01
   3.3391854e+01   3.6975253e+01
   3.2510957e+01   3.2492421e+01
   3.1647306e+01   3.2578380e+01
   3.0805919e+01   3.3210913e+01
   2.9995934e+01   2.9388690e+01
   2.9217990e+01   3.3926982e+01
   2.8479930e+01   2.4750128e+01
   2.7790767e+01   2.9258059e+01
   2.7155644e+01   2.6064139e+01
   2.6580354e+01   2.4321347e+01
   2.6067149e+01   2.8673712e+01
   2.5612752e+01   2.3763662e+01
   2.5210675e+01   2.5242298e+01
   2.4867782e+01   2.2604358e+01
   2.4566477e+01   2.5509556e+01
   2.4305349e+01   2.5091229e+01
   2.4080324e+01   2.1174336e+01
   2.3883441e+01   2.7154366e+01
   2.3711247e+01   1.9413982e+01
   2.3565387e+01   2.8079753e+01
   2.3444981e+01   2.0806723e+01
   2.3356328e+01   2.4586573e+01
   2.3286353e+01   2.4901252e+01
   2.3228643e+01   2.1275561e+01
   2.3181171e+01   2.6052375e+01
   2.3129633e+01   2.1220312e+01
   2.3084661e+01   2.2700048e+01
   2.3041781e+01   3.1714595e+01
   2.2998162e+01   1.9835380e+01
   2.2951954e+01   2.4430250e+01
   2.2894975e+01   2.1115428e+01
   2.2833094e+01   2.7704901e+01
   2.2761615e+01   2.1701903e+01
   2.2678854e+01   2.5769689e+01
   2.2583393e+01   2.1566536e+01
   2.2477229e+01   1.9252265e+01
   2.2359296e+01   2.6871362e+01
   2.2231397e+01   1.9422303e+01
   2.2096455e+01   2.4047985e+01
   2.1956006e+01   1.9611062e+01
   2.1805569e+01   2.0096793e+01
   2.1638512e+01   3.2503541e+01
   2.1457676e+01   1.7726499e+01
   2.1278460e+01   2.2862406e+01
   2.1099675e+01   2.0774013e+01
   2.0922766e+01   2.1296611e+01
   2.0747987e+01   2.2224266e+01
   2.0575947e+01   2.1512372e+01
   2.0417199e+01   2.1494229e+01
   2.0284038e+01   1.7569989e+01
   2.0177264e+01   2.0541763e+01
   2.0097020e+01   2.0497204e+01
   2.0043499e+01   2.2213262e+01
   2.0034817e+01   2.0329623e+01
   2.0056885e+01   1.8743042e+01
   2.0124184e+01   2.4664152e+01
   2.0243121e+01   1.7130611e+01
   2.0411866e+01   2.3355468e+01
   2.0635731e+01   2.0455148e+01
   2.0909405e+01   2.1262313e+01
   2.1229565e+01   2.3874540e+01
   2.1595518e+01   2.0873774e+01
   2.2006709e+01   2.3247727e+01
   2.2465259e+01   2.0691530e+01
   2.2973485e+01   2.3556893e+01
   2.3505483e+01   2.3671761e+01
   2.4071208e+01   2.3206088e+01
   2.4665099e+01   2.7426784e+01
   2.5279201e+01   2.2988006e+01
   2.5907178e+01   2.9062219e+01
   2.6537592e+01   2.7116394e+01
   2.7166295e+01   2.9649423e+01
   2.7779086e+01   2.7976292e+01
   2.8387404e+01   2.5311119e+01
   2.8986606e+01   3.3458173e+01
   2.9568360e+01   2.6732930e+01
   3.0134326e+01   3.0088173e+01
   3.0681022e+01   3.1324870e+01
   3.1206954e+01   2.9760510e+01
   3.1710753e+01   3.2695203e+01
   3.2190496e+01   3.0135690e+01
   3.2649822e+01   3.6833527e+01
   3.3088207e+01   3.1573296e+01
   3.3511234e+01   3.5439106e+01
   3.3916848e+01   3.6306014e+01
   3.4304576e+01   3.2123835e+01
   3.4670883e+01   3.9039414e+01
   3.5020103e+01   3.2246795e+01
   3.5352021e+01   3.5382806e+01
   3.5663965e+01   3.5681518e+01
   3.5958653e+01   3.7354366e+01
   3.6242670e+01   3.6564549e+01
   3.6522824e+01   3.4711884e+01
   3.6800017e+01   4.0005647e+01
   3.7053905e+01   3.7390030e+01
   3.7306355e+01   4.1004296e+01
   3.7556120e+01   3.7091048e+01
   3.7803996e+01   4.2643140e+01
   3.8048262e+01   4.1274413e+01
   3.8285690e+01   3.5513240e+01
   3.8518785e+01   4.1641223e+01
   3.8745601e+01   3.9071795e+01
   3.8967402e+01   4.0236969e+01
   3.9189688e+01   3.8809860e+01
   3.9404698e+01   3.5672855e+01
   3.9624431e+01   5.1948679e+01
   3.9837383e+01   3.5864722e+01
   4.0040500e+01   4.2297532e+01
   4.0233178e+01   3.8901700e+01
   4.0421717e+01   4.2173402e+01
   4.0604662e+01   4.1056259e+01
   4.0777564e+01   4.0726232e+01
   4.0941181e+01   4.4561771e+01
   4.1093594e+01   4.7524627e+01
   4.1232946e+01   4.3964384e+01
   4.1352709e+01   4.2865242e+01
   4.1471348e+01   4.2495953e+01
   4.1574773e+01   4.3191847e+01
   4.1667218e+01   4.1116917e+01
   4.1754173e+01   4.5245286e+01
   4.1834813e+01   4.1058088e+01
   4.1916473e+01   3.9959146e+01
   4.2002597e+01   4.4960346e+01
   4.2101265e+01   4.0081971e+01
   4.2203886e+01   4.5653613e+01
   4.2313538e+01   4.1127599e+01
   4.2436251e+01   4.2642512e+01
   4.2569926e+01   4.9410377e+01
   4.2713502e+01   4.2361790e+01
   4.2874868e+01   4.3779543e+01
   4.3055960e+01   3.9950645e+01
   4.3253880e+01   4.7930659e+01
   4.3461793e+01   4.0900308e+01
   4.3688779e+01   4.2850240e+01
   4.3928663e+01   4.5319482e+01
   4.4171839e+01   4.2510589e+01
   4.4414409e+01   4.9257877e+01
   4.4656708e+01   4.2024218e+01
   4.4880789e+01   4.4872587e+01
   4.5093578e+01   4.1801624e+01
   4.5289210e+01   4.4977175e+01
   4.5463470e+01   4.7073897e+01
   4.5613767e+01   4.2575927e+01
   4.5734266e+01   5.0593393e+01
   4.5819297e+01   4.1732703e+01
   4.5875992e+01   4.5756855e+01
   4.5886985e+01   4.8111746e+01
   4.5853149e+01   4.2567205e+01
   4.5769481e+01   4.7498833e+01
   4.5629661e+01   4.0690145e+01
   4.5430421e+01   4.8501827e+01
   4.5163551e+01   4.5496598e+01
   4.4827655e+01   4.4699414e+01
   4.4423200e+01   4.6712084e+01
   4.3948867e+01   4.0713780e+01
   4.3392032e+01   4.7223060e+01
   4.2753168e+01   3.8386112e+01
   4.2031191e+01   5.1215123e+01
   4.1228474e+01   4.1553679e+01
   4.0351559e+01   3.8319629e+01
   3.9398639e+01   3.8708474e+01
   3.8387067e+01   3.6997194e+01
   3.7323546e+01   4.0491745e+01
   3.6217675e+01   3.6044073e+01
   3.5080357e+01   4.4881148e+01
   3.3920959e+01   3.9821895e+01
   3.2749036e+01   3.2211577e+01
   3.1582320e+01   3.1990336e+01
   3.0431329e+01   2.9026460e+01
   2.9310130e+01   2.9970353e+01
   2.8225470e+01   2.9406823e+01
   2.7190186e+01   2.3690419e+01
   2.6211735e+01   2.6794451e+01
   2.5293303e+01   2.4131151e+01
   2.4442478e+01   2.5319177e+01
   2.3674048e+01   1.9244651e+01
   2.2988597e+01   3.2632438e+01
   2.2382707e+01   2.3194896e+01
   2.1859639e+01   1.9793577e+01
   2.1416699e+01   2.3853046e+01
   2.1043981e+01   1.9873870e+01
   2.0742851e+01   2.3738765e+01
   2.0511237e+01   1.7382772e+01
   2.0343289e+01   1.8632645e+01
   2.0224791e+01   1.9930194e+01
   2.0158757e+01   1.9998865e+01
   2.0148288e+01   2.0688923e+01
   2.0194794e+01   1.6361329e+01
   2.0283501e+01   2.1271495e+01
   2.0423982e+01   1.7510644e+01
   2.0597698e+01   2.0591757e+01
   2.0798042e+01   2.1190285e+01
   2.1023015e+01   1.6615491e+01
   2.1273300e+01   2.2279841e+01
   2.1543529e+01   1.7126535e+01
   2.1832891e+01   2.5212570e+01
   2.2137919e+01   2.2518316e+01
   2.2456926e+01   2.1919896e+01
   2.2785098e+01   2.7035341e+01
   2.3128715e+01   1.8481781e+01
   2.3486354e+01   2.5997906e+01
   2.3841466e+01   2.8355330e+01
   2.4199574e+01   2.3935304e+01
   2.4558079e+01   2.6409557e+01
   2.4913100e+01   2.3414917e+01
   2.5261136e+01   2.9039441e+01
   2.5608962e+01   2.0959984e+01
   2.5960521e+01   2.7322425e+01
   2.6311292e+01   2.3297064e+01
   2.6663359e+01   2.4751326e+01
   2.7016046e+01   2.6972777e+01
   2.7361865e+01   2.5639680e+01
   2.7706085e+01   3.0339469e+01
   2.8052985e+01   2.5169946e+01
   2.8402040e+01   2.7172040e+01
   2.8759396e+01   2.7705715e+01
   2.9124336e+01   2.9844364e+01
   2.9496810e+01   3.0291804e+01
   2.9872287e+01   2.6608851e+01
   3.0249514e+01   3.3503235e+01
   3.0629038e+01   2.7180376e+01
   3.1012020e+01   4.1217611e+01
   3.1397172e+01   3.3378483e+01
   3.1780157e+01   2.8534981e+01
   3.2162048e+01   3.5802428e+01
   3.2540443e+01   3.0818004e+01
   3.2908475e+01   3.4495604e+01
   3.3267138e+01   3.1471934e+01
   3.3617426e+01   3.3813411e+01
   3.3960951e+01   3.4710694e+01
   3.4291341e+01   3.0052705e+01
   3.4610371e+01   3.7116274e+01
   3.4906086e+01   3.1625691e+01
   3.5177121e+01   4.1994429e+01
   3.5424005e+01   3.4374809e+01
   3.5648880e+01   3.3861361e+01
   3.5844102e+01   3.8774519e+01
   3.6007372e+01   3.5501793e+01
   3.6131398e+01   4.0552772e+01
   3.6221714e+01   3.3473728e+01
   3.6271543e+01   3.4156091e+01
   3.6282536e+01   3.7559081e+01
   3.6262716e+01   3.4474002e+01
   3.6211964e+01   3.7065659e+01
   3.6125057e+01   3.4665270e+01
   3.6009276e+01   3.8792148e+01
   3.5866124e+01   3.7591536e+01
   3.5695665e+01   3.2472703e+01
   3.5502537e+01   3.5629936e+01
   3.5294926e+01   3.4507936e+01
   3.5070762e+01   3.5758036e+01
   3.4835755e+01   3.1078711e+01
   3.4603180e+01   3.3520522e+01
   3.4367662e+01   3.7014126e+01
   3.4135920e+01   3.0397668e+01
   3.3909604e+01   3.5983513e+01
   3.3694637e+01   2.9868263e+01
   3.3488818e+01   3.6207939e+01
   3.3288275e+01   3.2408552e+01
   3.3099739e+01   3.3555674e+01
   3.2926902e+01   3.5622838e+01
   3.2771945e+01   3.9073768e+01
   3.2636754e+01   3.6161235e+01
   3.2516546e+01   3.2201783e+01
   3.2411995e+01   3.5722631e+01
   3.2323511e+01   3.3585807e+01
   3.2248494e+01   3.1467871e+01
   3.2193329e+01   3.6615308e+01
   3.2157587e+01   2.9527410e+01
   3.2145595e+01   3.4477444e+01
   3.2157224e+01   3.1953345e+01
   3.2185703e+01   3.4051138e+01
   3.2237888e+01   3.3878752e+01
   3.2308141e+01   3.2552984e+01
   3.2398310e+01   3.3154288e+01
   3.2507091e+01   3.1081443e+01
   3.2645999e+01   3.3395194e+01
   3.2799932e+01   3.3380197e+01
   3.2962553e+01   3.2167994e+01
   3.3132549e+01   3.4734911e+01
   3.3308179e+01   2.9567797e+01
   3.3491959e+01   3.6663719e+01
   3.3684203e+01   2.8509448e+01
   3.3887063e+01   3.2554960e+01
   3.4100767e+01   3.7048760e+01
   3.4324072e+01   3.3836402e+01
   3.4551855e+01   3.5356175e+01
   3.4787392e+01   3.4818872e+01
   3.5030881e+01   3.9101519e+01
   3.5282546e+01   3.5553871e+01
   3.5542587e+01   3.5250510e+01
   3.5812515e+01   3.5763342e+01
   3.6090282e+01   3.4617754e+01
   3.6363472e+01   3.7688319e+01
   3.6638548e+01   3.5590303e+01
   3.6924585e+01   3.6158036e+01
   3.7223612e+01   3.9384939e+01
   3.7540643e+01   3.8057762e+01
   3.7869037e+01   4.1071665e+01
   3.8198428e+01   3.6641541e+01
   3.8527846e+01   3.9612023e+01
   3.8858471e+01   3.5855397e+01
   3.9193345e+01   3.8967262e+01
   3.9536573e+01   4.2694731e+01
   3.9892131e+01   3.6768081e+01
   4.0260422e+01   4.0819806e+01
   4.0641435e+01   4.0629383e+01
   4.1036298e+01   4.2386353e+01
   4.1452418e+01   4.1975658e+01
   4.1890247e+01   3.9317358e+01
   4.2347959e+01   4.4997448e+01
   4.2823681e+01   4.1836162e+01
   4.3324989e+01   4.3965683e+01
   4.3857138e+01   4.3565485e+01
   4.4416532e+01   4.7100327e+01
   4.5000295e+01   4.7046828e+01
   4.5602583e+01   4.3670574e+01
   4.6224596e+01   4.8293820e+01
   4.6863061e+01   4.2160169e+01
   4.7510868e+01   4.9858888e+01
   4.8160156e+01   4.5799696e+01
   4.8807583e+01   4.6799610e+01
   4.9455560e+01   5.2839901e+01
   5.0090852e+01   4.7589135e+01
   5.0710870e+01   5.9827878e+01
   5.1306537e+01   4.8958102e+01
   5.1873884e+01   5.1476673e+01
   5.2397020e+01   5.0020965e+01
   5.2891046e+01   5.2493320e+01
   5.3352707e+01   5.5893758e+01
   5.3776869e+01   5.2603608e+01
   5.4160407e+01   5.8831965e+01
   5.4500947e+01   5.4597967e+01
   5.4789680e+01   5.4160579e+01
   5.5025994e+01   5.6961608e+01
   5.5213236e+01   5.3000247e+01
   5.5352454e+01   5.7864568e+01
   5.5445007e+01   5.2239534e+01
   5.5492805e+01   5.5608794e+01
   5.5501711e+01   5.4555985e+01
   5.5471357e+01   5.5133781e+01
   5.5403905e+01   5.4604751e+01
   5.5302961e+01   5.1794326e+01
   5.5171811e+01   5.6945647e+01
   5.5018548e+01   5.4410695e+01
   5.4830707e+01   5.8512395e+01
   5.4606209e+01   5.2495606e+01
   5.4345188e+01   5.4443565e+01
   5.4044716e+01   5.6225112e+01
   5.3715595e+01   5.3166820e+01
   5.3363036e+01   5.5089111e+01
   5.2981094e+01   5.2614788e+01
   5.2567698e+01   5.1661196e+01
   5.2120201e+01   5.4747279e+01
   5.1641090e+01   4.7538617e+01
   5.1133675e+01   5.1793508e+01
   5.0604205e+01   4.6413429e+01
   5.0051651e+01   4.9371527e+01
   4.9475172e+01   4.7618924e+01
   4.8875872e+01   4.8621791e+01
   4.8263303e+01   4.8973867e+01
   4.7644473e+01   4.3969832e+01
   4.7022083e+01   5.0169193e+01
   4.6398205e+01   4.6418403e+01
   4.5773538e+01   4.4368945e+01
   4.5160926e+01   4.5813166e+01
   4.4563607e+01   4.1485910e+01
   4.3989883e+01   4.5166381e+01
   4.3436911e+01   3.8866161e+01
   4.2906337e+01   4.5987382e+01
   4.2405097e+01   3.9487208e+01
   4.1932629e+01   4.2475498e+01
   4.1490989e+01   4.2801075e+01
   4.1075904e+01   4.0446017e+01
   4.0689751e+01   4.4725184e+01
   4.0328845e+01   3.6696655e+01
   3.9991527e+01   4.8692976e+01
   3.9672471e+01   3.7320324e+01
   3.9371195e+01   3.7644193e+01
   3.9086510e+01   4.2724745e+01
   3.8812863e+01   3.6217220e+01
   3.8547644e+01   3.9174300e+01
   3.8289016e+01   3.4614962e+01
   3.8036662e+01   4.0035099e+01
   3.7796121e+01   3.9178611e+01
   3.7567874e+01   3.8177353e+01
   3.7344310e+01   3.8913274e+01
   3.7122832e+01   3.5907208e+01
   3.6904240e+01   3.5487909e+01
   3.6692029e+01   3.5411624e+01
   3.6484683e+01   3.8077308e+01
   3.6286663e+01   4.0158822e+01
   3.6098493e+01   3.2357384e+01
   3.5922179e+01   3.8970652e+01
   3.5759631e+01   3.4229662e+01
   3.5615622e+01   4.6600890e+01
   3.5496033e+01   3.6977382e+01
   3.5398158e+01   4.2275245e+01
   3.5318502e+01   3.8127898e+01
   3.5262395e+01   3.4394780e+01
   3.5226845e+01   3.7808966e+01
   3.5211328e+01   3.2078002e+01
   3.5209916e+01   3.4191046e+01
   3.5218912e+01   3.4633142e+01
   3.5234664e+01   3.5325103e+01
   3.5246104e+01   3.5501355e+01
   3.5248899e+01   3.0438863e+01
   3.5242480e+01   3.7322375e+01
   3.5231543e+01   3.5357493e+01
   3.5215076e+01   3.2435760e+01
   3.5191372e+01   3.4917518e+01
   3.5157589e+01   3.9923917e+01
   3.5114630e+01   3.8460819e+01
   3.5066370e+01   3.4695959e+01
   3.5009503e+01   3.7747452e+01
   3.4951588e+01   3.6432189e+01
   3.4890342e+01   3.2159225e+01
   3.4835523e+01   4.5386647e+01
   3.4791113e+01   4.2482407e+01
   3.4760914e+01   3.6332699e+01
   3.4746078e+01   3.4470401e+01
   3.4753940e+01   3.7221878e+01
   3.4792074e+01   3.4116730e+01
   3.4861614e+01   3.2630281e+01
   3.4967757e+01   3.5298077e+01
   3.5113088e+01   3.3274516e+01
   3.5298904e+01   3.5341162e+01
   3.5523415e+01   3.4622343e+01
   3.5786977e+01   3.6833706e+01
   3.6084936e+01   3.6330827e+01
   3.6412459e+01   4.0452407e+01
   3.6771761e+01   4.9141811e+01
   3.7157766e+01   3.5821840e+01
   3.7564872e+01   4.0602165e+01
   3.7991541e+01   3.7933768e+01
   3.8350086e+01   3.8362286e+01
   3.8743560e+01   4.1914708e+01
   3.9126338e+01   3.8766900e+01
   3.9496211e+01   4.1250151e+01
   3.9848533e+01   4.0272931e+01
   4.0170199e+01   4.1067470e+01
   4.0454340e+01   4.1594656e+01
   4.0697284e+01   3.9958363e+01
   4.0894287e+01   4.4664208e+01
   4.1038323e+01   4.0833125e+01
   4.1121454e+01   4.2102972e+01
   4.1138262e+01   4.3260576e+01
   4.1086633e+01   3.8047603e+01
   4.0967046e+01   4.2965775e+01
   4.0780576e+01   3.9169458e+01
   4.0525303e+01   4.2350916e+01
   4.0205625e+01   4.0439448e+01
   3.9827465e+01   4.0043911e+01
   3.9396205e+01   3.9981544e+01
   3.8915870e+01   3.4933443e+01
   3.8389743e+01   4.0446664e+01
   3.7829497e+01   3.3141759e+01
   3.7244864e+01   3.7659034e+01
   3.6645706e+01   3.7435891e+01
   3.6038868e+01   3.3722731e+01
   3.5430159e+01   3.5178606e+01
   3.4830040e+01   3.3075209e+01
   3.4246209e+01   3.5650672e+01
   3.3686062e+01   3.0371284e+01
   3.3157811e+01   3.3118048e+01
   3.2674464e+01   3.2462880e+01
   3.2239703e+01   3.1628684e+01
   3.1855751e+01   3.2836991e+01
   3.1523607e+01   2.8780029e+01
   3.1244689e+01   3.3256429e+01
   3.1020043e+01   3.1847992e+01
   3.0853589e+01   3.1621350e+01
   3.0736193e+01   3.0068607e+01
   3.0661120e+01   2.9197676e+01
   3.0627127e+01   3.1014329e+01
   3.0634655e+01   3.0622174e+01
   3.0684911e+01   3.3801691e+01
   3.0769348e+01   3.2110418e+01
   3.0882804e+01   2.8376196e+01
   3.1016829e+01   3.0462987e+01
   3.1166377e+01   2.7813641e+01
   3.1326815e+01   3.2580320e+01
   3.1496231e+01   3.0436815e+01
   3.1670336e+01   3.2084675e+01
   3.1846599e+01   3.0465427e+01
   3.2021543e+01   3.7260618e+01
   3.2257369e+01   3.3111804e+01
   3.2437918e+01   2.7371133e+01
   3.2613250e+01   3.5069034e+01
   3.2778452e+01   3.2110344e+01
   3.2937801e+01   4.2154000e+01
   3.3092781e+01   3.3954055e+01
   3.3247031e+01   3.2783864e+01
   3.3401244e+01   3.4414557e+01
   3.3563240e+01   2.9691059e+01
   3.3735227e+01   3.6132160e+01
   3.3914918e+01   3.4285661e+01
   3.4101998e+01   3.5281545e+01
   3.4292998e+01   3.4365965e+01
   3.4487041e+01   3.2533902e+01
   3.4680985e+01   3.4632604e+01
   3.4880066e+01   3.3595864e+01
   3.5089752e+01   3.6827202e+01
   3.5296757e+01   3.7039126e+01
   3.5500123e+01   3.2687602e+01
   3.5699599e+01   3.6125511e+01
   3.5898401e+01   3.1506484e+01
   3.6090961e+01   3.7119930e+01
   3.6272131e+01   3.7028340e+01
   3.6438688e+01   3.6031074e+01
   3.6603449e+01   3.7648088e+01
   3.6763223e+01   3.6273362e+01
   3.6915981e+01   3.7351457e+01
   3.7067073e+01   3.4433518e+01
   3.7215933e+01   3.9676640e+01
   3.7363097e+01   3.8102239e+01
   3.7507303e+01   3.6070432e+01
   3.7651578e+01   3.9661585e+01
   3.7793105e+01   3.6736717e+01
   3.7929389e+01   4.0275105e+01
   3.8060809e+01   3.5816500e+01
   3.8185936e+01   3.9876991e+01
   3.8300363e+01   4.0358604e+01
   3.8401313e+01   3.4285137e+01
   3.8481743e+01   4.0538462e+01
   3.8539629e+01   3.6363563e+01
   3.8568639e+01   4.0988615e+01
   3.8562249e+01   3.8667886e+01
   3.8524626e+01   3.5677467e+01
   3.8458097e+01   3.8243493e+01
   3.8364205e+01   3.4838461e+01
   3.8243826e+01   3.8638517e+01
   3.8102436e+01   3.8541648e+01
   3.7942946e+01   3.8354881e+01
   3.7774151e+01   3.7394522e+01
   3.7604091e+01   3.7207901e+01
   3.7434654e+01   3.8833960e+01
   3.7281180e+01   3.3888716e+01
   3.7149706e+01   3.8817912e+01
   3.7046424e+01   3.7536182e+01
   3.6977391e+01   3.6139433e+01
   3.6949705e+01   3.9609264e+01
   3.6965614e+01   3.5404622e+01
   3.7023261e+01   3.7917920e+01
   3.7124049e+01   3.4997534e+01
   3.7264151e+01   3.9560964e+01
   3.7444858e+01   3.7839607e+01
   3.7678002e+01   3.8966178e+01
   3.7960062e+01   4.2183450e+01
   3.8289149e+01   3.3994952e+01
   3.8663722e+01   4.1082761e+01
   3.9079655e+01   3.8039646e+01
   3.9526686e+01   3.7799638e+01
   3.9995411e+01   3.8905938e+01
   4.0484914e+01   3.9660242e+01
   4.0986448e+01   4.2695483e+01
   4.1487093e+01   3.9217719e+01
   4.1975991e+01   4.4545185e+01
   4.2445969e+01   3.9526791e+01
   4.2886514e+01   5.1252939e+01
   4.3292492e+01   4.4144796e+01
   4.3650524e+01   4.0258155e+01
   4.3957958e+01   4.7501011e+01
   4.4211675e+01   4.2118799e+01
   4.4394774e+01   4.5012254e+01
   4.4508318e+01   4.4773109e+01
   4.4558740e+01   4.1407563e+01
   4.4545154e+01   4.7330688e+01
   4.4469464e+01   4.4326023e+01
   4.4339231e+01   4.4224513e+01
   4.4161289e+01   4.1932431e+01
   4.3939178e+01   4.3975618e+01
   4.3680320e+01   4.5994392e+01
   4.3392580e+01   3.8830332e+01
   4.3083595e+01   4.4592136e+01
   4.2767800e+01   3.9810457e+01
   4.2445426e+01   4.4344350e+01
   4.2120882e+01   4.0071400e+01
   4.1800413e+01   4.2199049e+01
   4.1490781e+01   4.1150874e+01
   4.1188248e+01   3.6436463e+01
   4.0890456e+01   4.1490265e+01
   4.0602039e+01   4.1279289e+01
   4.0323576e+01   3.8562203e+01
   4.0045638e+01   4.0843164e+01
   3.9771807e+01   3.6794957e+01
   3.9506706e+01   4.1895407e+01
   3.9244202e+01   3.7411259e+01
   3.8975707e+01   4.2717421e+01
   3.8700925e+01   4.4115704e+01
   3.8425995e+01   4.0404904e+01
   3.8150467e+01   3.9946862e+01
   3.7867263e+01   3.4766893e+01
   3.7587192e+01   4.1569339e+01
   3.7309370e+01   3.7064148e+01
   3.7009871e+01   4.0440364e+01
   3.6702158e+01   3.6280310e+01
   3.6383811e+01   3.6803281e+01
   3.6045757e+01   3.9326514e+01
   3.5687623e+01   3.4321460e+01
   3.5309369e+01   3.8168565e+01
   3.4906877e+01   3.4498161e+01
   3.4490093e+01   3.7259704e+01
   3.4069063e+01   3.5311547e+01
   3.3632338e+01   3.0537559e+01
   3.3188210e+01   3.5425017e+01
   3.2740049e+01   3.1637098e+01
   3.2294693e+01   3.2229005e+01
   3.1853855e+01   4.0777676e+01
   3.1421468e+01   3.0598172e+01
   3.1006153e+01   3.3657470e+01
   3.0612531e+01   3.0585950e+01
   3.0247603e+01   3.3129108e+01
   2.9919349e+01   2.5606467e+01
   2.9632080e+01   3.0032642e+01
   2.9397940e+01   2.7575882e+01
   2.9230257e+01   2.6355744e+01
   2.9109311e+01   2.9899621e+01
   2.9045777e+01   2.5767957e+01
   2.9029456e+01   3.3294717e+01
   2.9067228e+01   2.9441859e+01
   2.9156833e+01   2.7929744e+01
   2.9295196e+01   2.9833223e+01
   2.9440973e+01   2.5420902e+01
   2.9612896e+01   3.2735893e+01
   2.9811344e+01   2.6417364e+01
   3.0024484e+01   3.2725205e+01
   3.0244623e+01   2.9227882e+01
   3.0464981e+01   3.1052265e+01
   3.0673788e+01   3.4715607e+01
   3.0859294e+01   2.6138604e+01
   3.1019275e+01   3.0916253e+01
   3.1150362e+01   2.9594142e+01
   3.1241586e+01   3.2596612e+01
   3.1289402e+01   3.0947581e+01
   3.1297617e+01   2.9775997e+01
   3.1256784e+01   3.2430679e+01
   3.1156201e+01   2.7466285e+01
   3.1010412e+01   3.3354433e+01
   3.0817639e+01   2.9618720e+01
   3.0585823e+01   2.8724911e+01
   3.0316995e+01   3.3581519e+01
   3.0012826e+01   2.7152847e+01
   2.9678691e+01   3.0579191e+01
   2.9317871e+01   2.5236693e+01
   2.8945040e+01   2.9749431e+01
   2.8586756e+01   3.0958797e+01
   2.8229465e+01   2.5458370e+01
   2.7879864e+01   2.9449234e+01
   2.7544773e+01   2.6909290e+01
   2.7231370e+01   3.1394374e+01
   2.6944407e+01   2.4064379e+01
   2.6690654e+01   2.7391357e+01
   2.6467654e+01   2.5063891e+01
   2.6274070e+01   2.5195673e+01
   2.6122638e+01   3.0338297e+01
   2.6013184e+01   2.4832378e+01
   2.5937937e+01   2.5199775e+01
   2.5897866e+01   2.7599996e+01
   2.5889868e+01   2.6402911e+01
   2.5911985e+01   2.6747051e+01
   2.5959088e+01   2.5340704e+01
   2.6022891e+01   2.6545899e+01
   2.6099843e+01   2.2057393e+01
   2.6189817e+01   2.8128607e+01
   2.6288286e+01   2.4532988e+01
   2.6393933e+01   2.7036435e+01
   2.6497780e+01   3.0130366e+01
   2.6610101e+01   2.6290710e+01
   2.6722592e+01   3.0976359e+01
   2.6842871e+01   2.7339918e+01
   2.6957296e+01   2.5174120e+01
   2.7064738e+01   2.8766738e+01
   2.7171690e+01   2.5986225e+01
   2.7303215e+01   3.1133691e+01
   2.7418784e+01   2.5411825e+01
   2.7516737e+01   2.7629215e+01
   2.7600916e+01   2.7207901e+01
   2.7674734e+01   2.5474938e+01
   2.7729323e+01   3.1947714e+01
   2.7773497e+01   2.7253742e+01
   2.7815563e+01   2.9379434e+01
   2.7855650e+01   2.8412933e+01
   2.7892857e+01   2.7187560e+01
   2.7929563e+01   3.4590421e+01
   2.7965478e+01   2.4326367e+01
   2.8003326e+01   3.0632251e+01
   2.8049754e+01   2.5059068e+01
   2.8110609e+01   3.1316528e+01
   2.8182067e+01   2.6739173e+01
   2.8265032e+01   2.9530765e+01
   2.8360956e+01   3.1924892e+01
   2.8468288e+01   2.8111016e+01
   2.8590558e+01   3.1022133e+01
   2.8727530e+01   2.4517394e+01
   2.8880538e+01   3.0653343e+01
   2.9048488e+01   3.1090277e+01
   2.9227454e+01   2.8773742e+01
   2.9415604e+01   3.3665962e+01
   2.9616712e+01   2.5641758e+01
   2.9834960e+01   3.0420248e+01
   3.0065389e+01   2.7547810e+01
   3.0305846e+01   2.9875001e+01
   3.0555905e+01   3.2357737e+01
   3.0812334e+01   2.7088469e+01
   3.1073421e+01   3.1367988e+01
   3.1346121e+01   2.9332798e+01
   3.1627581e+01   3.3300265e+01
   3.1923854e+01   3.1613537e+01
   3.2223743e+01   3.3552050e+01
   3.2527324e+01   3.5219693e+01
   3.2833038e+01   3.1675340e+01
   3.3142611e+01   3.6065814e+01
   3.3455954e+01   3.2940291e+01
   3.3767751e+01   3.6948718e+01
   3.4074425e+01   3.1951837e+01
   3.4375888e+01   4.1064628e+01
   3.4669027e+01   3.7514440e+01
   3.4949477e+01   3.0707546e+01
   3.5217033e+01   3.9078859e+01
   3.5465960e+01   3.5191005e+01
   3.5692316e+01   3.5371770e+01
   3.5895237e+01   3.4930090e+01
   3.6072482e+01   3.3964402e+01
   3.6223767e+01   3.6343257e+01
   3.6349187e+01   3.2338392e+01
   3.6456678e+01   3.7794928e+01
   3.6540301e+01   3.3811305e+01
   3.6597428e+01   3.5722100e+01
   3.6630382e+01   3.9027611e+01
   3.6647156e+01   4.3025351e+01
   3.6636726e+01   4.0288324e+01
   3.6596033e+01   3.5759468e+01
   3.6524525e+01   3.6862420e+01
   3.6424318e+01   3.4797069e+01
   3.6294065e+01   3.2521093e+01
   3.6135621e+01   3.9874057e+01
   3.5949285e+01   3.1715199e+01
   3.5737390e+01   4.5520600e+01
   3.5496391e+01   3.4373253e+01
   3.5231964e+01   3.5502289e+01
   3.4949268e+01   3.6205889e+01
   3.4648600e+01   3.0307440e+01
   3.4331704e+01   3.7422395e+01
   3.3992393e+01   2.9577370e+01
   3.3634688e+01   3.7050941e+01
   3.3265381e+01   3.2255785e+01
   3.2882551e+01   3.2540852e+01
   3.2496413e+01   3.5761365e+01
   3.2112143e+01   2.9448065e+01
   3.1730342e+01   3.2266976e+01
   3.1349053e+01   3.1251385e+01
   3.0971717e+01   3.2304057e+01
   3.0600573e+01   3.2605966e+01
   3.0237932e+01   2.6757388e+01
   2.9880994e+01   3.1367355e+01
   2.9529000e+01   2.8546821e+01
   2.9179571e+01   3.8994996e+01
   2.8833615e+01   2.6018987e+01
   2.8489221e+01   3.0268261e+01
   2.8147181e+01   3.0127995e+01
   2.7806643e+01   2.5463540e+01
   2.7472668e+01   3.9799536e+01
   2.7149306e+01   2.5186804e+01
   2.6826198e+01   2.9666061e+01
   2.6506822e+01   2.7379049e+01
   2.6191748e+01   2.6911394e+01
   2.5880330e+01   3.0634776e+01
   2.5576817e+01   2.2288613e+01
   2.5284127e+01   2.8141495e+01
   2.5006566e+01   2.4819366e+01
   2.4748109e+01   2.3026674e+01
   2.4509691e+01   2.4591532e+01
   2.4290472e+01   2.3220615e+01
   2.4085872e+01   2.7432826e+01
   2.3893344e+01   2.3238010e+01
   2.3718062e+01   2.7385237e+01
   2.3558446e+01   2.3192898e+01
   2.3415949e+01   2.2212340e+01
   2.3287744e+01   2.3619026e+01
   2.3170641e+01   2.2628785e+01
   2.3063264e+01   2.7293105e+01
   2.2970278e+01   2.1756096e+01
   2.2889297e+01   2.5688673e+01
   2.2818194e+01   2.4242381e+01
   2.2750806e+01   1.9985491e+01
   2.2686575e+01   2.5493075e+01
   2.2625571e+01   1.8023359e+01
   2.2568587e+01   2.6587307e+01
   2.2512317e+01   2.0296306e+01
   2.2463129e+01   2.1401160e+01
   2.2416738e+01   2.4367014e+01
   2.2373043e+01   2.0450971e+01
   2.2334229e+01   2.5031865e+01
   2.2303141e+01   2.0550784e+01
   2.2292333e+01   2.3846301e+01
   2.2295747e+01   2.4491392e+01
   2.2311851e+01   2.0605448e+01
   2.2339053e+01   3.2941234e+01
   2.2373291e+01   1.8222144e+01
   2.2420509e+01   2.3148106e+01
   2.2480777e+01   2.0056863e+01
   2.2556865e+01   2.1382542e+01
   2.2650826e+01   2.2292840e+01
   2.2762746e+01   2.0993563e+01
   2.2891579e+01   2.4972077e+01
   2.3044171e+01   2.1925035e+01
   2.3213838e+01   2.3473090e+01
   2.3401110e+01   2.4864578e+01
   2.3602046e+01   2.3907788e+01
   2.3815741e+01   2.4377833e+01
   2.4044339e+01   2.1372664e+01
   2.4285536e+01   2.4962242e+01
   2.4534663e+01   2.0304497e+01
   2.4789754e+01   2.7970131e+01
   2.5062986e+01   2.4123403e+01
   2.5352664e+01   2.2220152e+01
   2.5655954e+01   2.6416373e+01
   2.5964409e+01   2.2678619e+01
   2.6276912e+01   3.0684895e+01
   2.6591432e+01   2.4123858e+01
   2.6907731e+01   2.5654171e+01
   2.7222510e+01   3.0631427e+01
   2.7533864e+01   2.7348398e+01
   2.7842682e+01   3.0338887e+01
   2.8144014e+01   2.4979709e+01
   2.8432330e+01   3.8671994e+01
   2.8705810e+01   2.6702341e+01
   2.8968667e+01   2.7758902e+01
   2.9220424e+01   2.9346368e+01
   2.9453299e+01   2.7243208e+01
   2.9650799e+01   3.1312337e+01
   2.9811067e+01   2.9488167e+01
   2.9946107e+01   3.0492174e+01
   3.0046839e+01   3.2885351e+01
   3.0115872e+01   2.9637528e+01
   3.0153385e+01   3.2274146e+01
   3.0157588e+01   2.7777255e+01
   3.0129793e+01   2.9647854e+01
   3.0071296e+01   3.0885000e+01
   2.9992775e+01   3.0699404e+01
   2.9885206e+01   3.0530412e+01
   2.9750771e+01   2.8442203e+01
   2.9593560e+01   3.3837776e+01
   2.9415044e+01   2.6919245e+01
   2.9220786e+01   3.0499353e+01
   2.9008731e+01   2.7286409e+01
   2.8786370e+01   2.6299804e+01
   2.8553447e+01   3.1731594e+01
   2.8318445e+01   3.5320974e+01
   2.8084541e+01   2.9063263e+01
   2.7845922e+01   3.3526290e+01
   2.7606208e+01   2.8507562e+01
   2.7367332e+01   2.6912242e+01
   2.7130932e+01   2.4855304e+01
   2.6898369e+01   3.0185349e+01
   2.6669381e+01   2.4492338e+01
   2.6443797e+01   2.9689594e+01
   2.6226588e+01   2.5474269e+01
   2.6019105e+01   2.5898637e+01
   2.5819557e+01   2.6213672e+01
   2.5628820e+01   2.3174783e+01
   2.5446792e+01   2.8788782e+01
   2.5272001e+01   2.2491880e+01
   2.5104288e+01   2.6489709e+01
   2.4940310e+01   2.4152827e+01
   2.4782816e+01   2.4085852e+01
   2.4631802e+01   2.6240322e+01
   2.4487287e+01   2.3350998e+01
   2.4366839e+01   2.4614982e+01
   2.4257211e+01   2.4081656e+01
   2.4157217e+01   2.1970705e+01
   2.4071578e+01   2.6551020e+01
   2.4001275e+01   2.2968346e+01
   2.3945448e+01   2.5041882e+01
   2.3904774e+01   2.1662717e+01
   2.3889422e+01   2.4345456e+01
   2.3898815e+01   2.2303444e+01
   2.3936156e+01   2.5277912e+01
   2.3998374e+01   2.4837215e+01
   2.4080384e+01   2.2340208e+01
   2.4189239e+01   2.9059095e+01
   2.4338442e+01   2.3376564e+01
   2.4529342e+01   2.4621545e+01
   2.4742674e+01   2.3824497e+01
   2.4988809e+01   2.5324592e+01
   2.5268885e+01   2.9328850e+01
   2.5582897e+01   2.3918373e+01
   2.5927974e+01   2.9836252e+01
   2.6294626e+01   2.3465049e+01
   2.6682546e+01   2.6608670e+01
   2.7079249e+01   2.7606851e+01
   2.7490942e+01   3.1232610e+01
   2.7912422e+01   2.8254970e+01
   2.8332047e+01   2.7273610e+01
   2.8744218e+01   3.2260584e+01
   2.9145137e+01   3.0274174e+01
   2.9528653e+01   2.7666876e+01
   2.9894930e+01   3.3186893e+01
   3.0225563e+01   2.9917235e+01
   3.0518548e+01   3.1888247e+01
   3.0770310e+01   2.8697776e+01
   3.0979496e+01   3.3495532e+01
   3.1145723e+01   2.9817235e+01
   3.1268663e+01   2.7997081e+01
   3.1345432e+01   3.6109045e+01
   3.1380144e+01   2.7662958e+01
   3.1371370e+01   3.2090822e+01
   3.1322611e+01   3.2000901e+01
   3.1237677e+01   2.9537576e+01
   3.1117840e+01   3.9630896e+01
   3.0972785e+01   2.8074345e+01
   3.0797610e+01   3.2072217e+01
   3.0605327e+01   2.8278384e+01
   3.0395463e+01   3.3126488e+01
   3.0169314e+01   3.0572585e+01
   2.9932419e+01   2.6018848e+01
   2.9683948e+01   3.2800009e+01
   2.9422862e+01   2.7055766e+01
   2.9150553e+01   3.3617673e+01
   2.8861694e+01   2.9411681e+01
   2.8571421e+01   3.0981874e+01
   2.8277778e+01   3.1778389e+01
   2.7981081e+01   2.6585534e+01
   2.7685653e+01   2.8865047e+01
   2.7395214e+01   2.6360750e+01
   2.7111594e+01   2.6857461e+01
   2.6834105e+01   2.7959963e+01
   2.6566971e+01   2.5848746e+01
   2.6311287e+01   2.9698505e+01
   2.6069764e+01   2.4162395e+01
   2.5853119e+01   2.9916305e+01
   2.5666112e+01   2.5257562e+01
   2.5502962e+01   2.3640735e+01
   2.5362414e+01   2.8096530e+01
   2.5246336e+01   2.2083905e+01
   2.5153991e+01   2.7885229e+01
   2.5086291e+01   2.1617927e+01
   2.5043668e+01   2.9456778e+01
   2.5023958e+01   2.3716002e+01
   2.5025513e+01   2.4838528e+01
   2.5048436e+01   2.8910545e+01
   2.5091583e+01   2.2470508e+01
   2.5154994e+01   2.7573213e+01
   2.5237308e+01   2.1576438e+01
   2.5336806e+01   2.6459528e+01
   2.5451461e+01   2.4287673e+01
   2.5574843e+01   2.5124059e+01
   2.5710632e+01   2.7697236e+01
   2.5849522e+01   2.5498995e+01
   2.6007658e+01   2.9147900e+01
   2.6176875e+01   2.3692355e+01
   2.6352448e+01   3.5382458e+01
   2.6534254e+01   2.6063341e+01
   2.6721317e+01   2.3926302e+01
   2.6910013e+01   2.8831196e+01
   2.7103902e+01   2.5608396e+01
   2.7300802e+01   2.8647768e+01
   2.7499959e+01   2.4833154e+01
   2.7698488e+01   2.7267369e+01
   2.7896971e+01   2.9060615e+01
   2.8091464e+01   2.6093681e+01
   2.8276465e+01   3.3093000e+01
   2.8459976e+01   2.7410421e+01
   2.8628845e+01   2.8506213e+01
   2.8788585e+01   2.9654241e+01
   2.8940538e+01   2.7062120e+01
   2.9081483e+01   3.1624355e+01
   2.9220090e+01   2.4245114e+01
   2.9351145e+01   3.1101882e+01
   2.9471255e+01   2.9405490e+01
   2.9577232e+01   2.9098445e+01
   2.9665058e+01   3.3193696e+01
   2.9733076e+01   2.8820170e+01
   2.9781439e+01   3.2560270e+01
   2.9808094e+01   2.7609995e+01
   2.9815603e+01   2.9332408e+01
   2.9803681e+01   3.9259803e+01
   2.9774125e+01   3.0015734e+01
   2.9727769e+01   3.2259992e+01
   2.9664092e+01   2.6377038e+01
   2.9584258e+01   2.9552316e+01
   2.9491492e+01   2.7406234e+01
   2.9379513e+01   3.2137687e+01
   2.9254070e+01   3.2053115e+01
   2.9113664e+01   2.6842865e+01
   2.8964646e+01   3.1755470e+01
   2.8806659e+01   3.6123742e+01
   2.8640954e+01   3.2155123e+01
   2.8470333e+01   2.6523607e+01
   2.8295264e+01   3.0448685e+01
   2.8116984e+01   2.8723403e+01
   2.7930678e+01   2.4326698e+01
   2.7741326e+01   2.7883801e+01
   2.7544327e+01   2.6401431e+01
   2.7337458e+01   2.9647614e+01
   2.7124370e+01   2.7333309e+01
   2.6905858e+01   3.1697761e+01
   2.6689835e+01   2.6543762e+01
   2.6473395e+01   2.1547325e+01
   2.6255048e+01   2.9981401e+01
   2.6029354e+01   2.3073653e+01
   2.5798250e+01   2.4548476e+01
   2.5566646e+01   2.4859498e+01
   2.5335421e+01   2.2197695e+01
   2.5103177e+01   2.6434810e+01
   2.4873315e+01   2.2958271e+01
   2.4646014e+01   2.8318497e+01
   2.4425553e+01   2.5470262e+01
   2.4216381e+01   3.3341563e+01
   2.4020951e+01   2.4077065e+01
   2.3840397e+01   2.3469646e+01
   2.3678852e+01   2.4626078e+01
   2.3543418e+01   2.1797406e+01
   2.3432129e+01   2.2147641e+01
   2.3348936e+01   2.5586393e+01
   2.3292120e+01   2.2559738e+01
   2.3260741e+01   2.6866000e+01
   2.3256673e+01   1.9270737e+01
   2.3271124e+01   2.7454676e+01
   2.3309900e+01   2.3862239e+01
   2.3375526e+01   2.2561070e+01
   2.3463832e+01   2.7079626e+01
   2.3575149e+01   2.1420189e+01
   2.3707483e+01   2.4642444e+01
   2.3854342e+01   2.2802211e+01
   2.4014492e+01   2.7916783e+01
   2.4183702e+01   2.4456605e+01
   2.4356140e+01   2.4986651e+01
   2.4523900e+01   2.6896818e+01
   2.4688801e+01   2.4224713e+01
   2.4853655e+01   2.6309569e+01
   2.5015497e+01   2.4606702e+01
   2.5170051e+01   2.6840128e+01
   2.5321987e+01   2.6525990e+01
   2.5468534e+01   2.5699056e+01
   2.5606041e+01   2.7491613e+01
   2.5734275e+01   2.0987541e+01
   2.5853227e+01   2.7269348e+01
   2.5961288e+01   2.4454965e+01
   2.6058637e+01   2.8143194e+01
   2.6148566e+01   2.8166613e+01
   2.6233076e+01   2.1870820e+01
   2.6312922e+01   2.7224469e+01
   2.6384445e+01   2.4078742e+01
   2.6465648e+01   2.9313970e+01
   2.6558573e+01   2.8631114e+01
   2.6653577e+01   2.3746999e+01
   2.6746183e+01   2.9657505e+01
   2.6837344e+01   2.2432879e+01
   2.6932411e+01   3.0549546e+01
   2.7042428e+01   2.6890575e+01
   2.7165914e+01   2.5439969e+01
   2.7304780e+01   2.7399044e+01
   2.7456477e+01   2.3826428e+01
   2.7625333e+01   3.2126134e+01
   2.7811033e+01   2.3867958e+01
   2.8019258e+01   2.8581553e+01
   2.8251046e+01   2.5324270e+01
   2.8502713e+01   2.9362834e+01
   2.8772786e+01   3.1968371e+01
   2.9061848e+01   2.8795251e+01
   2.9368422e+01   3.2396094e+01
   2.9690304e+01   2.7679081e+01
   3.0025324e+01   3.1114926e+01
   3.0372760e+01   3.1352260e+01
   3.0727783e+01   3.1066121e+01
   3.1089139e+01   3.4242304e+01
   3.1451763e+01   2.6709355e+01
   3.1809069e+01   3.2678317e+01
   3.2155758e+01   2.8922025e+01
   3.2487971e+01   3.1384991e+01
   3.2799408e+01   3.4819265e+01
   3.3087689e+01   3.2699690e+01
   3.3346542e+01   3.3491596e+01
   3.3578352e+01   3.0510207e+01
   3.3775276e+01   3.6775350e+01
   3.3937844e+01   3.4356163e+01
   3.4066048e+01   3.1722180e+01
   3.4165221e+01   3.5631528e+01
   3.4237798e+01   3.3383126e+01
   3.4280939e+01   3.6227793e+01
   3.4295001e+01   3.2308220e+01
   3.4285595e+01   3.6687275e+01
   3.4258227e+01   3.5104396e+01
   3.4215089e+01   3.1939907e+01
   3.4161906e+01   3.5700068e+01
   3.4106104e+01   3.1361218e+01
   3.4048404e+01   3.4448051e+01
   3.3999064e+01   3.5007823e+01
   3.3960650e+01   3.4180676e+01
   3.3931624e+01   3.7153323e+01
   3.3912735e+01   3.3954479e+01
   3.3902771e+01   3.4644194e+01
   3.3906439e+01   3.1173808e+01
   3.3928257e+01   3.6412828e+01
   3.3952921e+01   3.6288564e+01
   3.3988472e+01   3.4144936e+01
   3.4040571e+01   4.5334041e+01
   3.4114271e+01   3.3516790e+01
   3.4200706e+01   3.7438252e+01
   3.4296016e+01   3.2151812e+01
   3.4401677e+01   3.5521373e+01
   3.4523938e+01   3.3863820e+01
   3.4653851e+01   3.5124801e+01
   3.4787990e+01   3.8023506e+01
   3.4920220e+01   3.4785677e+01
   3.5049206e+01   3.3477833e+01
   3.5170863e+01   3.3042932e+01
   3.5281472e+01   3.4288580e+01
   3.5379995e+01   3.9329318e+01
   3.5469989e+01   3.5432420e+01
   3.5549574e+01   3.9845851e+01
   3.5619550e+01   3.2606252e+01
   3.5672924e+01   3.5443406e+01
   3.5704042e+01   3.6365587e+01
   3.5712290e+01   3.2125512e+01
   3.5698549e+01   3.7311196e+01
   3.5663892e+01   3.1808558e+01
   3.5617117e+01   3.7608562e+01
   3.5551957e+01   3.4744508e+01
   3.5470593e+01   3.7441419e+01
   3.5372293e+01   3.5178963e+01
   3.5259928e+01   3.8933105e+01
   3.5137257e+01   3.8941550e+01
   3.5005021e+01   3.3044959e+01
   3.4863976e+01   3.7198128e+01
   3.4719296e+01   3.5514212e+01
   3.4574424e+01   3.2343283e+01
   3.4428391e+01   3.4750153e+01
   3.4281531e+01   2.9547332e+01
   3.4138928e+01   3.4948640e+01
   3.3997225e+01   3.2050088e+01
   3.3862257e+01   3.2521365e+01
   3.3735746e+01   3.6514039e+01
   3.3617669e+01   3.3370155e+01
   3.3512474e+01   3.4165336e+01
   3.3417067e+01   3.1875930e+01
   3.3329593e+01   3.3049228e+01
   3.3262630e+01   3.2624645e+01
   3.3223764e+01   3.2004148e+01
   3.3203226e+01   3.2745946e+01
   3.3198290e+01   2.9579698e+01
   3.3212662e+01   3.4174423e+01
   3.3254091e+01   2.9315662e+01
   3.3320353e+01   3.6133203e+01
   3.3411207e+01   3.4162092e+01
   3.3526693e+01   3.3600435e+01
   3.3664324e+01   3.6981323e+01
   3.3827802e+01   3.2332237e+01
   3.4012872e+01   3.7471881e+01
   3.4217949e+01   3.2264582e+01
   3.4440557e+01   3.5401405e+01
   3.4675386e+01   3.7864887e+01
   3.4933243e+01   3.1878818e+01
   3.5216020e+01   3.7056291e+01
   3.5517703e+01   3.0952058e+01
   3.5827779e+01   3.6743280e+01
   3.6142472e+01   3.2746301e+01
   3.6454768e+01   3.4648182e+01
   3.6765473e+01   3.6420297e+01
   3.7072687e+01   3.3107380e+01
   3.7375858e+01   4.8928581e+01
   3.7658602e+01   3.5141687e+01
   3.7920781e+01   4.0659292e+01
   3.8170420e+01   4.0699966e+01
   3.8402457e+01   3.7073258e+01
   3.8612956e+01   3.8980178e+01
   3.8801596e+01   3.7165202e+01
   3.8960564e+01   4.0361043e+01
   3.9081333e+01   3.9834809e+01
