   6.5423882e+00   6.0510469e+00
   8.9777286e+00   1.2540269e+01
   1.1036592e+01   1.6206522e+01
   1.2757838e+01   1.5917494e+01
   1.4182652e+01   1.1598726e+01
   1.5346763e+01   1.8170866e+01
   1.6285866e+01   1.7116003e+01
   1.7033118e+01   1.6979692e+01
   1.7618753e+01   2.0007800e+01
   1.8069890e+01   1.6073136e+01
   1.8410490e+01   1.9005560e+01
   1.8361010e+01   1.8956052e+01
   1.8309775e+01   1.6892977e+01
   1.8257549e+01   2.1361350e+01
   1.8205202e+01   1.7166948e+01
   1.8153689e+01   2.1949608e+01
   1.8104018e+01   1.3795985e+01
   1.8057214e+01   1.9501278e+01
   1.8014288e+01   1.6733473e+01
   1.7976193e+01   1.5469652e+01
   1.7943786e+01   1.9178445e+01
   1.7917792e+01   1.6101665e+01
   1.7898776e+01   2.2074338e+01
   1.7887117e+01   1.4010945e+01
   1.7882992e+01   1.9037869e+01
   1.7886369e+01   1.6052057e+01
   1.7897010e+01   1.4339680e+01
   1.7914485e+01   2.0157928e+01
   1.7938192e+01   1.7300650e+01
   1.7967382e+01   1.7897166e+01
   1.8001197e+01   1.7609630e+01
   1.8038703e+01   2.0655598e+01
   1.8078929e+01   2.4846088e+01
   1.8120907e+01   1.5260454e+01
   1.8163702e+01   2.2959059e+01
   1.8206443e+01   1.7639317e+01
   1.8248351e+01   1.7993711e+01
   1.8288751e+01   1.8581739e+01
   1.8327092e+01   1.6090274e+01
   1.8362941e+01   1.9446302e+01
   1.8395994e+01   1.6441894e+01
   1.8426060e+01   2.2431292e+01
   1.8453056e+01   1.7811034e+01
   1.8476993e+01   1.7568709e+01
   1.8497959e+01   1.7930658e+01
   1.8519401e+01   1.8533176e+01
   1.8537451e+01   2.2879054e+01
   1.8552498e+01   1.4926545e+01
   1.8564917e+01   1.9593762e+01
   1.8575067e+01   1.6900479e+01
   1.8583555e+01   2.0221984e+01
   1.8590347e+01   2.0898075e+01
   1.8594356e+01   1.8827369e+01
   1.8597525e+01   1.7844838e+01
   1.8600006e+01   1.3887567e+01
   1.8600006e+01   2.0687495e+01
   1.8600006e+01   1.7884619e+01
   1.8600006e+01   1.9800379e+01
   1.8600006e+01   1.9875898e+01
   1.8616307e+01   1.7375353e+01
   1.8637134e+01   2.0818024e+01
   1.8663478e+01   1.5213059e+01
   1.8696469e+01   1.9992227e+01
   1.8737373e+01   2.0573852e+01
   1.8787584e+01   1.6996402e+01
   1.8848606e+01   1.9810885e+01
   1.8922028e+01   1.4601932e+01
   1.9009493e+01   2.3300197e+01
   1.9112648e+01   1.9364913e+01
   1.9233097e+01   2.1083907e+01
   1.9372342e+01   2.2911733e+01
   1.9531713e+01   1.5884350e+01
   1.9712303e+01   2.0343483e+01
   1.9914903e+01   1.9435151e+01
   2.0139933e+01   1.9057583e+01
   2.0387388e+01   2.2843969e+01
   2.0656798e+01   1.9729170e+01
   2.0947190e+01   2.4584524e+01
   2.1257085e+01   1.9538359e+01
   2.1584501e+01   2.3568262e+01
   2.1926988e+01   2.1985973e+01
   2.2281673e+01   3.0574470e+01
   2.2645338e+01   2.1119452e+01
   2.3014499e+01   1.9245995e+01
   2.3385510e+01   2.6859043e+01
   2.3754671e+01   1.9175349e+01
   2.4118336e+01   2.6600235e+01
   2.4473022e+01   2.2368960e+01
   2.4815508e+01   2.5637214e+01
   2.5142924e+01   2.4914670e+01
   2.5452819e+01   2.3129220e+01
   2.5743211e+01   2.6812599e+01
   2.6012621e+01   2.4546961e+01
   2.6260077e+01   2.7202444e+01
   2.6485106e+01   2.7458409e+01
   2.6687706e+01   2.4454584e+01
   2.6868297e+01   2.9330090e+01
   2.7027667e+01   2.2805277e+01
   2.7166912e+01   2.9281490e+01
   2.7287362e+01   2.5080126e+01
   2.7390517e+01   2.7233165e+01
   2.7477981e+01   2.8987743e+01
   2.7551404e+01   3.1212257e+01
   2.7612426e+01   2.9407433e+01
   2.7662636e+01   2.5261602e+01
   2.7703541e+01   2.9891702e+01
   2.7736532e+01   2.7837448e+01
   2.7762875e+01   2.5531632e+01
   2.7783702e+01   3.0150682e+01
   2.7800003e+01   2.6913231e+01
   2.7800003e+01   3.0331323e+01
   2.7800003e+01   2.4032422e+01
   2.7800003e+01   2.9573642e+01
   2.7800003e+01   2.9940033e+01
   2.7800003e+01   2.8344457e+01
   2.7800003e+01   3.1407702e+01
   2.7800003e+01   2.7646992e+01
   2.7800003e+01   3.1425339e+01
   2.7800003e+01   2.5836027e+01
   2.7800003e+01   2.9163360e+01
   2.7800003e+01   2.8561940e+01
   2.7800003e+01   3.5716434e+01
   2.7800003e+01   2.8404649e+01
   2.7800003e+01   2.5994227e+01
   2.7800003e+01   2.7855610e+01
   2.7800003e+01   2.9974085e+01
   2.7800003e+01   2.6938120e+01
   2.7800003e+01   2.8353025e+01
   2.7800003e+01   2.3286138e+01
   2.7800003e+01   2.9124458e+01
   2.7800003e+01   2.4465530e+01
   2.7800003e+01   2.7690673e+01
   2.7800003e+01   2.6280138e+01
   2.7800003e+01   2.8162025e+01
   2.7800003e+01   3.0773574e+01
   2.7800003e+01   2.6022602e+01
   2.7800003e+01   3.6447055e+01
   2.7800003e+01   2.6433988e+01
   2.7800003e+01   2.7762825e+01
   2.7800003e+01   2.8844184e+01
   2.7800003e+01   2.4271342e+01
   2.7800003e+01   3.1019437e+01
   2.7800003e+01   2.7439833e+01
   2.7800003e+01   2.8120002e+01
   2.7800003e+01   2.7370849e+01
   2.7800003e+01   2.4785433e+01
   2.7800003e+01   2.8174715e+01
   2.7800003e+01   2.5383862e+01
   2.7800003e+01   2.9200688e+01
   2.7800003e+01   2.6619058e+01
   2.7800003e+01   2.7624719e+01
   2.7800003e+01   2.9739855e+01
   2.7800003e+01   2.7409399e+01
   2.7800003e+01   3.0788970e+01
   2.7800003e+01   3.3327948e+01
   2.7800003e+01   3.0441505e+01
   2.7800003e+01   2.7122043e+01
   2.7800003e+01   2.6373331e+01
   2.7800003e+01   4.0004487e+01
   2.7800003e+01   2.5464173e+01
   2.7800003e+01   3.0094624e+01
   2.7800003e+01   2.8352786e+01
   2.7800003e+01   2.8234297e+01
   2.7800003e+01   2.8983165e+01
   2.7800003e+01   2.8332126e+01
   2.7800003e+01   3.2542004e+01
   2.7800003e+01   2.4085130e+01
   2.7800003e+01   2.9691921e+01
   2.7800003e+01   2.7070752e+01
   2.7800003e+01   2.8254390e+01
   2.7800003e+01   3.0122298e+01
   2.7800003e+01   2.4058898e+01
   2.7800003e+01   3.2659092e+01
   2.7800003e+01   2.8147254e+01
   2.7800003e+01   3.1043040e+01
   2.7800003e+01   2.9432462e+01
   2.7800003e+01   2.8088872e+01
   2.7800003e+01   3.2119820e+01
   2.7800003e+01   2.7143766e+01
   2.7800003e+01   2.8963110e+01
   2.7800003e+01   2.7618912e+01
   2.7800003e+01   2.6537300e+01
   2.7800003e+01   3.0695179e+01
   2.7800003e+01   2.6877122e+01
   2.7800003e+01   2.9742119e+01
   2.7800003e+01   2.7059833e+01
   2.7800003e+01   2.7499936e+01
   2.7800003e+01   2.5223270e+01
   2.7800003e+01   2.7194185e+01
   2.7800003e+01   2.8050587e+01
   2.7800003e+01   2.6066331e+01
   2.7800003e+01   3.2625462e+01
   2.7800003e+01   2.7331174e+01
   2.7800003e+01   3.0787042e+01
   2.7800003e+01   2.9910064e+01
   2.7800003e+01   2.4499919e+01
   2.7800003e+01   2.8813907e+01
   2.7800003e+01   2.6252287e+01
   2.7800003e+01   2.7847778e+01
   2.7800003e+01   2.8849456e+01
   2.7800003e+01   2.8973664e+01
   2.7800003e+01   3.1146516e+01
   2.7800003e+01   3.2186156e+01
   2.7800003e+01   2.9543761e+01
   2.7800003e+01   2.3291537e+01
   2.7800003e+01   2.7248260e+01
   2.7800003e+01   2.4103016e+01
   2.7800003e+01   2.7436971e+01
   2.7800003e+01   2.7583276e+01
   2.7800003e+01   2.5270443e+01
   2.7800003e+01   2.8490425e+01
   2.7800003e+01   2.8311392e+01
   2.7800003e+01   2.6229350e+01
   2.7800003e+01   2.6229884e+01
   2.7800003e+01   2.4052298e+01
   2.7800003e+01   2.9929418e+01
   2.7800003e+01   2.3334402e+01
   2.7800003e+01   3.2036822e+01
   2.7800003e+01   2.6439182e+01
   2.7800003e+01   2.7791636e+01
   2.7800003e+01   3.1755940e+01
   2.7800003e+01   2.7264490e+01
   2.7800003e+01   3.0405618e+01
   2.7800003e+01   2.4657714e+01
   2.7800003e+01   2.9217740e+01
   2.7800003e+01   2.9271114e+01
   2.7800003e+01   2.4438114e+01
   2.7800003e+01   2.9461727e+01
   2.7800003e+01   2.6243871e+01
   2.7800003e+01   3.8226713e+01
   2.7800003e+01   2.5008515e+01
   2.7800003e+01   2.5878013e+01
   2.7800003e+01   2.8425343e+01
   2.7800003e+01   2.5802781e+01
   2.7800003e+01   2.9059461e+01
   2.7800003e+01   2.3015086e+01
   2.7800003e+01   2.7241557e+01
   2.7800003e+01   2.8360068e+01
   2.7800003e+01   2.8288540e+01
   2.7800003e+01   3.1407716e+01
   2.7800003e+01   3.1303371e+01
   2.7800003e+01   2.7963385e+01
   2.7800003e+01   2.5521317e+01
   2.7800003e+01   3.1042439e+01
   2.7800003e+01   2.9310084e+01
   2.7800003e+01   2.5294096e+01
   2.7800003e+01   3.0819995e+01
   2.7800003e+01   2.2829761e+01
   2.7800003e+01   3.0301357e+01
   2.7800003e+01   2.7835384e+01
   2.7814178e+01   2.5492130e+01
   2.7832288e+01   3.0474600e+01
   2.7855196e+01   2.7864672e+01
   2.7883883e+01   3.0809382e+01
   2.7919452e+01   2.5608635e+01
   2.7963114e+01   2.7749692e+01
   2.8016177e+01   2.7174560e+01
   2.8080022e+01   2.5464606e+01
   2.8156078e+01   2.9062889e+01
   2.8245778e+01   2.6041038e+01
   2.8350517e+01   3.7978226e+01
   2.8471600e+01   2.5608918e+01
   2.8610183e+01   2.7655536e+01
   2.8767218e+01   2.7295031e+01
   2.8943392e+01   2.7487786e+01
   2.9139070e+01   2.9814720e+01
   2.9354249e+01   2.8987057e+01
   2.9588518e+01   3.0959283e+01
   2.9841033e+01   3.5887473e+01
   3.0110507e+01   2.7700067e+01
   3.0395217e+01   3.0947584e+01
   3.0693031e+01   2.6295128e+01
   3.1001454e+01   3.5222583e+01
   3.1317684e+01   3.0572872e+01
   3.1638694e+01   3.0923810e+01
   3.1961312e+01   2.9761370e+01
   3.2282322e+01   4.0070238e+01
   3.2598552e+01   3.5898412e+01
   3.2906975e+01   2.8352718e+01
   3.3204789e+01   3.6695365e+01
   3.3489499e+01   3.0761506e+01
   3.3758973e+01   3.5832357e+01
   3.4011488e+01   3.3136330e+01
   3.4245757e+01   2.9893085e+01
   3.4460936e+01   3.6413073e+01
   3.4656614e+01   3.0289770e+01
   3.4832788e+01   3.5150275e+01
   3.4989823e+01   3.4454389e+01
   3.5128406e+01   3.2844386e+01
   3.5249489e+01   3.9423951e+01
   3.5354228e+01   3.4249463e+01
   3.5443928e+01   4.5912162e+01
   3.5519984e+01   3.2359000e+01
   3.5582058e+01   3.8092803e+01
   3.5632856e+01   3.5962574e+01
   3.5673655e+01   3.4525868e+01
   3.5705638e+01   3.7890107e+01
   3.5729879e+01   3.4874133e+01
   3.5750873e+01   3.9135645e+01
   3.5766878e+01   3.6304107e+01
   3.5778799e+01   3.7129223e+01
   3.5776464e+01   3.5395484e+01
   3.5775561e+01   3.2529922e+01
   3.5775195e+01   4.0130854e+01
   3.5774907e+01   3.2383451e+01
   3.5775509e+01   3.8100032e+01
   3.5777305e+01   3.4844214e+01
   3.5780286e+01   3.4032070e+01
   3.5785086e+01   3.7413285e+01
   3.5791379e+01   3.5483112e+01
   3.5800071e+01   3.6639319e+01
   3.5811509e+01   3.4421163e+01
   3.5826013e+01   3.7746486e+01
   3.5843862e+01   3.6980767e+01
   3.5863500e+01   3.5549965e+01
   3.5886346e+01   3.8836034e+01
   3.5912336e+01   3.1459014e+01
   3.5941287e+01   3.8170186e+01
   3.5972888e+01   3.3033476e+01
   3.6006699e+01   3.5553520e+01
   3.6042156e+01   3.8040227e+01
   3.6078580e+01   3.5490035e+01
   3.6115200e+01   3.9650861e+01
   3.6151173e+01   3.6182241e+01
   3.6185615e+01   3.8534927e+01
   3.6217634e+01   3.5199210e+01
   3.6246362e+01   3.5992790e+01
   3.6270996e+01   3.8442293e+01
   3.6290824e+01   3.1346851e+01
   3.6305257e+01   4.0742704e+01
   3.6313854e+01   3.5019860e+01
   3.6316339e+01   3.8450083e+01
   3.6312607e+01   3.7609058e+01
   3.6298124e+01   3.3363077e+01
   3.6276460e+01   4.0810936e+01
   3.6247732e+01   3.4617144e+01
   3.6212156e+01   3.6351465e+01
   3.6170021e+01   4.3794483e+01
   3.6121663e+01   3.3103686e+01
   3.6067440e+01   3.6106898e+01
   3.6007712e+01   3.4767140e+01
   3.5942459e+01   4.7849618e+01
   3.5871534e+01   3.0612218e+01
   3.5795685e+01   3.5258459e+01
   3.5716433e+01   3.6689012e+01
   3.5633601e+01   3.4400414e+01
   3.5546293e+01   3.8366627e+01
   3.5454688e+01   3.2268342e+01
   3.5358965e+01   3.8900976e+01
   3.5256583e+01   3.4093204e+01
   3.5151175e+01   3.4025034e+01
   3.5042928e+01   3.5068332e+01
   3.4932135e+01   3.0405421e+01
   3.4818108e+01   3.5864352e+01
   3.4702732e+01   3.3725938e+01
   3.4587148e+01   3.4544878e+01
   3.4471386e+01   3.4085901e+01
   3.4356272e+01   3.4964682e+01
   3.4242971e+01   3.6855607e+01
   3.4132067e+01   3.4130335e+01
   3.4025051e+01   3.5537020e+01
   3.3922153e+01   3.4080549e+01
   3.3824246e+01   3.5098125e+01
   3.3732101e+01   3.2250424e+01
   3.3646371e+01   3.1552460e+01
   3.3568937e+01   3.7754526e+01
   3.3498465e+01   3.2396214e+01
   3.3435218e+01   3.4623492e+01
   3.3379289e+01   3.4645427e+01
   3.3330611e+01   3.3878306e+01
   3.3288970e+01   3.5900104e+01
   3.3254022e+01   2.9981781e+01
   3.3225321e+01   3.8015324e+01
   3.3202336e+01   2.9026873e+01
   3.3184483e+01   3.6699283e+01
   3.3171142e+01   3.2233564e+01
   3.3161689e+01   3.2703034e+01
   3.3155507e+01   3.6062462e+01
   3.3152009e+01   3.6988518e+01
   3.3150651e+01   3.3838459e+01
   3.3150939e+01   3.2132114e+01
   3.3152438e+01   3.5723548e+01
   3.3154777e+01   3.4483405e+01
   3.3157642e+01   3.0325212e+01
   3.3164351e+01   3.7330888e+01
   3.3170306e+01   2.9947046e+01
   3.3175531e+01   3.5965811e+01
   3.3180064e+01   3.0957270e+01
   3.3183953e+01   3.1411518e+01
   3.3187253e+01   3.5271395e+01
   3.3190021e+01   3.1302699e+01
   3.3192318e+01   3.4883077e+01
   3.3194478e+01   3.0187252e+01
   3.3196768e+01   3.4394776e+01
   3.3198579e+01   3.3358998e+01
   3.3199997e+01   3.2339325e+01
   3.3199997e+01   3.7835965e+01
   3.3199997e+01   2.8633062e+01
   3.3199997e+01   3.6511636e+01
   3.3199997e+01   3.3563927e+01
   3.3199997e+01   3.3066483e+01
   3.3199997e+01   3.6629177e+01
   3.3199997e+01   3.1526559e+01
   3.3199997e+01   3.6116896e+01
   3.3199997e+01   2.8972790e+01
   3.3199997e+01   3.3200957e+01
   3.3199997e+01   3.3627892e+01
   3.3194327e+01   3.0502611e+01
   3.3187083e+01   3.5559635e+01
   3.3177920e+01   3.1872041e+01
   3.3166445e+01   3.4696320e+01
   3.3152217e+01   2.9698240e+01
   3.3134753e+01   3.9338104e+01
   3.3113528e+01   3.5979678e+01
   3.3087989e+01   2.9806487e+01
   3.3057567e+01   3.7044138e+01
   3.3021687e+01   3.6623148e+01
   3.2979791e+01   3.5969716e+01
   3.2931359e+01   3.1959120e+01
   3.2875925e+01   3.1841620e+01
   3.2813111e+01   3.6695137e+01
   3.2742642e+01   2.9141656e+01
   3.2664371e+01   3.7598997e+01
   3.2578299e+01   2.7985069e+01
   3.2484592e+01   3.2137123e+01
   3.2383586e+01   3.0298867e+01
   3.2275796e+01   2.9592984e+01
   3.2161912e+01   3.3970049e+01
   3.2042787e+01   3.0666937e+01
   3.1919418e+01   3.4306980e+01
   3.1792926e+01   3.2633815e+01
   3.1664522e+01   3.0025040e+01
   3.1535475e+01   3.4418553e+01
   3.1407071e+01   2.9557758e+01
   3.1280579e+01   3.3411821e+01
   3.1157210e+01   2.7319341e+01
   3.1038085e+01   3.4645207e+01
   3.0924201e+01   3.2738530e+01
   3.0816411e+01   3.2126549e+01
   3.0715405e+01   3.4137354e+01
   3.0621698e+01   2.7516335e+01
   3.0535626e+01   3.5215939e+01
   3.0457355e+01   2.9420398e+01
   3.0386886e+01   3.3099404e+01
   3.0324072e+01   2.9349497e+01
   3.0268638e+01   2.6631561e+01
   3.0220205e+01   3.1139193e+01
   3.0178310e+01   2.9508168e+01
   3.0142430e+01   3.0659049e+01
   3.0112008e+01   2.6416980e+01
   3.0086469e+01   3.0975855e+01
   3.0065244e+01   2.9364636e+01
   3.0047780e+01   2.8951027e+01
   3.0033552e+01   3.0664685e+01
   3.0022077e+01   3.0055049e+01
   3.0012914e+01   3.1615101e+01
   3.0005670e+01   3.0726574e+01
   3.0000000e+01   2.6884929e+01
   3.0000000e+01   2.9516296e+01
   2.9988306e+01   2.6946756e+01
   2.9973365e+01   3.1705196e+01
   2.9954466e+01   2.4892864e+01
   2.9930799e+01   3.2887266e+01
   2.9901454e+01   3.2252032e+01
   2.9865433e+01   2.6550927e+01
   2.9821657e+01   3.3218632e+01
   2.9768984e+01   2.7317725e+01
   2.9706238e+01   3.0885721e+01
   2.9632235e+01   2.8036826e+01
   2.9545825e+01   3.0640327e+01
   2.9445932e+01   3.7259729e+01
   2.9331601e+01   2.6668833e+01
   2.9202047e+01   3.2346409e+01
   2.9056703e+01   2.6948638e+01
   2.8895269e+01   2.9577855e+01
   2.8717746e+01   2.7570491e+01
   2.8524474e+01   2.5301086e+01
   2.8316148e+01   3.1192396e+01
   2.8093832e+01   2.4454204e+01
   2.7858947e+01   3.2400477e+01
   2.7613249e+01   2.5849735e+01
   2.7358801e+01   2.7858673e+01
   2.7097910e+01   3.0047816e+01
   2.6833077e+01   2.2775739e+01
   2.6566917e+01   3.0167238e+01
   2.6302084e+01   2.2090845e+01
   2.6033043e+01   2.5526375e+01
   2.5768181e+01   2.7196620e+01
   2.5509312e+01   2.5058610e+01
   2.5257930e+01   2.5998389e+01
   2.5015162e+01   2.2177824e+01
   2.4781732e+01   2.4759775e+01
   2.4557949e+01   3.0090547e+01
   2.4343714e+01   2.2790999e+01
   2.4138548e+01   2.5289841e+01
   2.3941627e+01   2.3847490e+01
   2.3751848e+01   2.4933122e+01
   2.3567894e+01   2.0120157e+01
   2.3388316e+01   3.5217238e+01
   2.3211611e+01   2.2290680e+01
   2.3037018e+01   2.2186139e+01
   2.2862662e+01   2.4588287e+01
   2.2687407e+01   2.0179331e+01
   2.2510360e+01   2.6354966e+01
   2.2330922e+01   1.8829250e+01
   2.2148814e+01   2.5928558e+01
   2.1964091e+01   2.2756134e+01
   2.1778205e+01   1.8778950e+01
   2.1591082e+01   2.1610989e+01
   2.1403759e+01   2.6225224e+01
   2.1226568e+01   2.4156980e+01
   2.1050138e+01   2.1402118e+01
   2.0876215e+01   1.9447880e+01
   2.0706787e+01   1.9008005e+01
   2.0543758e+01   1.7823028e+01
   2.0388538e+01   2.1679099e+01
   2.0242955e+01   1.6640335e+01
   2.0108331e+01   1.9807973e+01
   1.9985721e+01   1.9749986e+01
   1.9875896e+01   1.8429320e+01
   1.9778978e+01   2.0921842e+01
   1.9695406e+01   1.6507931e+01
   1.9625061e+01   2.3282536e+01
   1.9567562e+01   1.5155955e+01
   1.9521937e+01   1.8443532e+01
   1.9487626e+01   2.0316811e+01
   1.9463628e+01   1.5820420e+01
   1.9448817e+01   2.2941431e+01
   1.9441982e+01   1.6915185e+01
   1.9441867e+01   2.1275489e+01
   1.9447209e+01   1.7356184e+01
   1.9456768e+01   2.0660933e+01
   1.9469361e+01   1.8963293e+01
   1.9483884e+01   1.5792785e+01
   1.9498626e+01   2.1506062e+01
   1.9513211e+01   1.6320779e+01
   1.9526836e+01   1.9484390e+01
   1.9545138e+01   1.7435384e+01
   1.9560491e+01   1.9082712e+01
   1.9572263e+01   1.9763496e+01
   1.9580799e+01   1.5550890e+01
   1.9586616e+01   2.4408958e+01
   1.9589356e+01   1.9581136e+01
   1.9589991e+01   1.9954237e+01
   1.9588335e+01   2.1354780e+01
   1.9586234e+01   1.7727992e+01
   1.9583141e+01   2.3207998e+01
   1.9579662e+01   1.8600348e+01
   1.9576442e+01   2.1859842e+01
   1.9574152e+01   1.8870156e+01
   1.9573473e+01   1.9951472e+01
   1.9574535e+01   2.1599372e+01
   1.9578674e+01   1.6598957e+01
   1.9586484e+01   2.2073658e+01
   1.9598511e+01   1.6584330e+01
   1.9615235e+01   1.9445749e+01
   1.9637053e+01   1.7643715e+01
   1.9664266e+01   1.7369914e+01
   1.9696241e+01   1.9501649e+01
   1.9734067e+01   1.5993543e+01
   1.9777649e+01   2.0644760e+01
   1.9826770e+01   2.4491698e+01
   1.9880818e+01   2.2306302e+01
   1.9939676e+01   1.9176877e+01
   2.0002768e+01   1.8481884e+01
   2.0069426e+01   2.0913018e+01
   2.0139179e+01   2.0015015e+01
   2.0210892e+01   2.0297606e+01
   2.0283746e+01   1.7381691e+01
   2.0356909e+01   2.1163131e+01
   2.0429564e+01   2.0743250e+01
   2.0501203e+01   1.7950303e+01
   2.0570761e+01   2.3484368e+01
   2.0637598e+01   1.9779368e+01
   2.0699746e+01   1.9895485e+01
   2.0758049e+01   2.1508844e+01
   2.0811734e+01   1.9305405e+01
   2.0860472e+01   2.9845528e+01
   2.0904026e+01   1.6239723e+01
   2.0942244e+01   2.3293127e+01
   2.0975055e+01   1.9089565e+01
   2.1002454e+01   2.0521477e+01
   2.1024500e+01   2.2125870e+01
   2.1041302e+01   1.8824458e+01
   2.1053010e+01   2.1849502e+01
   2.1060357e+01   1.6185482e+01
   2.1062879e+01   3.2172376e+01
   2.1060835e+01   2.2636829e+01
   2.1054501e+01   2.1063404e+01
   2.1043616e+01   2.3653793e+01
   2.1030930e+01   1.7704977e+01
   2.1015178e+01   2.5925595e+01
   2.0996564e+01   1.7837169e+01
   2.0976202e+01   2.3496609e+01
   2.0953988e+01   2.2526814e+01
   2.0932854e+01   2.0002003e+01
   2.0910908e+01   2.2756683e+01
   2.0890129e+01   2.0853610e+01
   2.0870767e+01   2.4115494e+01
   2.0853710e+01   2.1221321e+01
   2.0839587e+01   2.3022331e+01
   2.0829014e+01   2.0973970e+01
   2.0821878e+01   1.8983933e+01
   2.0819236e+01   2.3267395e+01
   2.0821527e+01   2.0564923e+01
   2.0829101e+01   2.4763220e+01
   2.0842202e+01   1.8577657e+01
   2.0858121e+01   1.8962650e+01
   2.0878904e+01   2.5109897e+01
   2.0904241e+01   2.0791151e+01
   2.0933667e+01   2.2370771e+01
   2.0966563e+01   1.8435678e+01
   2.1002168e+01   2.0962729e+01
   2.1039594e+01   2.2646294e+01
   2.1077853e+01   1.8845607e+01
   2.1115879e+01   2.5434680e+01
   2.1152565e+01   1.9756162e+01
   2.1186794e+01   2.0913604e+01
   2.1217476e+01   1.8246989e+01
   2.1243588e+01   2.0223690e+01
   2.1264204e+01   2.1799127e+01
   2.1278531e+01   2.0744381e+01
   2.1285938e+01   2.5700356e+01
   2.1285971e+01   1.5833509e+01
   2.1278378e+01   2.1137920e+01
   2.1264206e+01   2.1953582e+01
   2.1242257e+01   1.8754735e+01
   2.1212932e+01   2.5798171e+01
   2.1176808e+01   1.6619847e+01
   2.1134608e+01   2.3818610e+01
   2.1087180e+01   1.9730457e+01
   2.1035465e+01   1.9220272e+01
   2.0980463e+01   2.3178860e+01
   2.0923199e+01   2.6911303e+01
   2.0864691e+01   2.0954227e+01
   2.0805917e+01   1.6693984e+01
   2.0747789e+01   2.3336245e+01
   2.0691129e+01   1.8319416e+01
   2.0636651e+01   2.7381896e+01
   2.0584951e+01   2.2381068e+01
   2.0536496e+01   2.0404318e+01
   2.0490256e+01   2.4082368e+01
   2.0448143e+01   1.9685611e+01
   2.0410195e+01   2.0048311e+01
   2.0376359e+01   1.9458703e+01
   2.0346505e+01   1.8603946e+01
   2.0319063e+01   2.2939101e+01
   2.0295479e+01   1.8730140e+01
   2.0275406e+01   2.3079546e+01
   2.0258761e+01   1.7835095e+01
   2.0226773e+01   1.7727844e+01
   2.0192165e+01   2.0776713e+01
   2.0153516e+01   1.6873867e+01
   2.0111597e+01   2.0578574e+01
   2.0062773e+01   1.8488725e+01
   2.0005387e+01   2.1714363e+01
   1.9938050e+01   1.8549824e+01
   1.9858711e+01   1.8058340e+01
   1.9767415e+01   1.9251712e+01
   1.9659945e+01   1.5939600e+01
   1.9534700e+01   2.3933910e+01
   1.9389493e+01   2.0035477e+01
   1.9223544e+01   1.8319159e+01
   1.9035775e+01   1.8266008e+01
   1.8825430e+01   1.7864603e+01
   1.8589650e+01   2.2923301e+01
   1.8330291e+01   2.3147004e+01
   1.8047743e+01   1.9752568e+01
   1.7742879e+01   1.5427616e+01
   1.7417069e+01   1.8949265e+01
   1.7072162e+01   1.9607194e+01
   1.6710456e+01   1.5937876e+01
   1.6334650e+01   2.0730941e+01
   1.5947771e+01   1.1408623e+01
   1.5553095e+01   1.4474533e+01
   1.5154051e+01   1.5353107e+01
   1.4754124e+01   1.3573067e+01
   1.4356754e+01   1.3217202e+01
   1.3965241e+01   9.6522080e+00
   1.3582658e+01   1.7593499e+01
   1.3211779e+01   1.2943026e+01
   1.2855021e+01   1.1757431e+01
   1.2512986e+01   1.5690540e+01
   1.2188300e+01   1.2252636e+01
   1.1882056e+01   1.2772431e+01
   1.1594927e+01   8.2088499e+00
   1.1327190e+01   1.3044919e+01
   1.1076288e+01   9.4486877e+00
   1.0843622e+01   1.1205331e+01
   1.0628392e+01   1.0106567e+01
   1.0429571e+01   9.7303807e+00
   1.0246309e+01   1.4737203e+01
   1.0077022e+01   5.8474877e+00
   9.9203236e+00   1.2850434e+01
   9.7747963e+00   8.2046915e+00
   9.6397372e+00   6.0862829e+00
   9.5132617e+00   1.3130672e+01
   9.3941090e+00   5.2847429e+00
   9.2811166e+00   1.0978026e+01
   9.1732412e+00   1.0311583e+01
   9.0695744e+00   7.9623931e+00
   8.9833597e+00   8.6687708e+00
   8.8967246e+00   5.9378213e+00
   8.8098968e+00   1.0983663e+01
   8.7217701e+00   4.3944460e+00
   8.6343514e+00   7.6561552e+00
   8.5479398e+00   5.7675411e+00
   8.4626215e+00   9.2941592e+00
   8.3791499e+00   1.1969553e+01
   8.2982433e+00   7.4754166e+00
   8.2200354e+00   1.1093340e+01
   8.1450209e+00   7.9315348e+00
   8.0742304e+00   9.5997699e+00
   8.0074341e+00   1.0416910e+01
   7.9450528e+00   4.4537333e+00
   7.8874324e+00   1.1166544e+01
   7.8367535e+00   7.2450423e+00
   7.7908082e+00   7.8188717e+00
   7.7497506e+00   7.2537518e+00
   7.7136184e+00   7.6539954e+00
   7.6834027e+00   7.9655983e+00
   7.6581650e+00   5.2947575e+00
   7.6377142e+00   8.8115805e+00
   7.6217997e+00   6.7733978e+00
   7.6101283e+00   9.0627445e+00
   7.6023816e+00   5.7879111e+00
   7.5982315e+00   4.6085863e+00
   7.5973547e+00   1.0851029e+01
   7.5994441e+00   5.7144388e+00
   7.5985467e+00   1.0417755e+01
   7.5985054e+00   4.2486700e+00
   7.5969819e+00   5.4178962e+00
   7.5946728e+00   1.0812539e+01
   7.5901936e+00   5.3460354e+00
   7.5827220e+00   1.2449412e+01
   7.5714179e+00   3.8477565e+00
   7.5553815e+00   7.2448738e+00
   7.5336616e+00   6.7027614e+00
   7.5071911e+00   9.2278289e+00
   7.4697568e+00   7.8804246e+00
   7.4224975e+00   4.9982468e+00
   7.3632888e+00   8.2786919e+00
   7.2915969e+00   6.3153823e+00
   7.2067427e+00   8.3605103e+00
   7.1067407e+00   4.4483070e+00
   6.9915908e+00   5.5171970e+00
   6.8601075e+00   1.0599429e+01
   6.7125569e+00   1.3345895e+01
   6.5487594e+00   8.8142155e+00
   6.3688228e+00   4.2335764e+00
   6.1731585e+00   8.6051262e+00
   5.9624862e+00   1.3051285e+01
   5.7378290e+00   3.3089488e+00
   5.5004977e+00   6.3215363e+00
   5.2520642e+00   8.4455478e-01
   4.9943271e+00   6.7593524e+00
   4.7292683e+00   2.9385679e+00
   4.4590053e+00   4.8725417e+00
   4.1857391e+00   5.2389298e+00
   3.9117007e+00   1.0231717e+01
   3.6390991e+00   8.2481867e+00
   3.3700710e+00   1.2999813e+00
   3.1066356e+00   4.9429619e+00
   2.8506551e+00   4.3862903e+00
   2.6038014e+00   2.1770708e+00
   2.3675310e+00   3.0982388e+00
   2.1430668e+00  -5.6467063e-01
   1.9313885e+00   9.0026981e-01
   1.7296847e+00   1.6999454e+00
   1.5410051e+00   2.2861468e+00
   1.3653900e+00   4.6501147e+00
   1.2018068e+00  -1.4743565e+00
   1.0508323e+00   2.7116979e+00
   9.1178187e-01  -2.1584310e+00
   7.8379922e-01   5.9009994e-01
   6.6588661e-01   4.2914525e-01
   5.5693742e-01  -2.4516271e+00
   4.5577051e-01   1.8341559e+00
   3.6116543e-01  -2.0360460e+00
   2.7189789e-01   7.7278098e-01
   1.9116809e-01  -3.3585799e+00
   1.1242960e-01   6.0409580e-01
   3.6231950e-02   1.5901317e+00
  -3.9857354e-02  -7.5435627e-01
  -1.1502836e-01   5.9802209e-01
  -1.9141665e-01   7.0022669e+00
  -2.6926183e-01   3.5047960e+00
  -3.4866790e-01   1.5150661e+00
  -4.2959870e-01  -1.7779954e+00
  -5.1188001e-01   1.1848840e+00
  -5.9301158e-01  -4.1602694e+00
  -6.7528386e-01   7.6458881e-01
  -7.5725433e-01   6.2119408e+00
  -8.3714102e-01  -1.1910904e+00
  -9.1574002e-01   1.2924229e+00
  -9.9136146e-01  -4.1685094e+00
  -1.0641639e+00   5.6575037e-01
  -1.1332822e+00  -5.8708422e+00
  -1.1979105e+00   1.7551374e+00
  -1.2573196e+00  -8.9909460e-01
  -1.3108715e+00  -3.4113804e+00
  -1.3580304e+00   1.8546095e+00
  -1.3994333e+00  -1.8827550e+00
  -1.4340002e+00   3.4772309e-02
  -1.4615994e+00  -5.0326802e+00
  -1.4822224e+00   1.9548419e+00
  -1.4959806e+00  -3.4901231e-01
  -1.5030997e+00  -4.1002730e+00
  -1.5039125e+00   1.3333222e+00
  -1.4988490e+00  -5.1952492e+00
  -1.4884269e+00   2.8614252e+00
  -1.4732386e+00  -1.6578283e+00
  -1.4539385e+00   6.3346860e-01
  -1.4312286e+00  -1.6549096e+00
  -1.4058424e+00  -4.0044561e+00
  -1.3746304e+00   3.3778922e+00
  -1.3411555e+00  -4.8943877e+00
  -1.3059077e+00  -3.0901586e-01
  -1.2693078e+00  -4.0934085e+00
  -1.2289450e+00  -3.4608925e+00
  -1.1884420e+00   1.9920290e+00
  -1.1477968e+00  -1.4504268e+00
  -1.1051482e+00  -3.2771794e-01
  -1.0615984e+00  -3.4081423e+00
  -1.0167779e+00   9.4975491e-01
  -9.6987414e-01  -2.9618252e+00
  -9.2061275e-01  -1.1544007e+00
  -8.6839127e-01   9.2286638e+00
  -8.1258033e-01  -3.0800359e+00
  -7.5184484e-01   7.8683510e-01
  -6.8610549e-01  -4.4490820e+00
  -6.1479518e-01  -1.5941737e+00
  -5.3743895e-01  -1.3073035e-01
  -4.5368169e-01  -3.4366317e+00
  -3.6331140e-01   1.4632088e-02
  -2.6627679e-01  -1.0936388e+00
  -1.6269816e-01   1.8172850e+00
  -5.2871178e-02  -1.1575768e+00
   6.2736756e-02  -1.7368188e+00
   1.8349709e-01   1.5241333e+00
   3.0863716e-01  -6.7015679e-01
   4.3726268e-01   3.7393599e+00
   5.6838443e-01   1.1395029e+00
   7.0094783e-01   2.2543355e+00
   8.3221626e-01   1.8433676e+00
   9.6206552e-01  -8.2483492e-02
   1.0901179e+00   5.5819955e+00
   1.2148763e+00  -2.3203994e+00
   1.3355340e+00   4.8930360e+00
   1.4511060e+00  -4.3760517e-01
   1.5596536e+00   2.9650409e+00
   1.6611893e+00   2.5352281e+00
   1.7546646e+00   1.2459888e-01
   1.8405853e+00   4.9374923e+00
   1.9174598e+00  -1.5798181e+00
   1.9849663e+00   3.9224183e+00
   2.0428871e+00   2.6571035e-01
   2.0911043e+00   1.1257225e+00
   2.1295957e+00   3.3100216e+00
   2.1584311e+00   2.0341647e+00
   2.1774137e+00   6.8905654e+00
   2.1870414e+00  -1.9352223e+00
   2.1876153e+00   3.8014496e+00
   2.1791565e+00   4.0342130e+00
   2.1623679e+00   2.9507202e+00
   2.1377418e+00   2.0389281e+00
   2.1028094e+00  -1.5852403e+00
   2.0619006e+00   1.7347507e+00
   2.0151688e+00   2.5401836e+00
   1.9634429e+00   2.5942910e+00
   1.9073271e+00   9.4689483e+00
   1.8474633e+00  -3.7567909e-01
   1.7845160e+00   6.4833270e+00
   1.7174318e+00   1.7610497e-01
   1.6488286e+00   5.1685569e+00
   1.5792700e+00   3.8086737e+00
   1.5090234e+00   1.8530034e+00
   1.4389368e+00   4.5212978e+00
   1.3694633e+00   1.3504801e+00
   1.3010088e+00   1.2847902e+00
   1.2337315e+00   1.4450405e+00
   1.1683501e+00   1.5904527e+00
   1.1051025e+00   7.0038541e-01
   1.0441805e+00   1.3455117e+00
   9.8573401e-01   3.8487756e+00
   9.2987546e-01  -1.7609167e+00
   8.7668503e-01   3.4407607e+00
   8.2621652e-01  -6.3274637e-01
   7.7850298e-01  -2.2467458e+00
   7.3356167e-01   5.7597813e-01
   6.9139835e-01  -1.1499368e+00
   6.5201034e-01   9.8803729e+00
   6.1538855e-01  -1.3606302e+00
   5.7974639e-01   3.5048496e+00
   5.4634323e-01  -7.6473310e-01
   5.1504372e-01   1.2478450e+00
   4.8651258e-01   1.4106657e+00
   4.5954946e-01  -4.0246475e+00
   4.3425730e-01   1.3927233e+00
   4.1009212e-01  -1.5682405e-01
   3.8683007e-01   2.7722878e+00
   3.6504104e-01   3.2923704e+00
   3.4343118e-01  -2.0050848e+00
   3.2343750e-01   4.5882632e+00
   3.0342798e-01  -2.9959169e+00
   2.8322940e-01   4.4255664e-01
   2.6268712e-01   1.7864096e+00
   2.4167758e-01  -2.7569127e+00
   2.2011973e-01   3.3377203e+00
   1.9798499e-01   6.8691425e+00
   1.7530470e-01   2.2077458e-01
   1.5244925e-01  -3.3299241e+00
   1.2924145e-01  -3.3976053e-01
   1.0591887e-01   2.3489566e+00
   8.3047994e-02  -4.3958401e-01
   6.0626812e-02   3.3738243e+00
   3.9037046e-02  -1.1061475e+00
   1.8674799e-02   4.1968294e+00
  -6.6034661e-05  -3.0707010e+00
  -1.6536427e-02  -6.3615752e-01
  -3.0736959e-02   1.1153166e+00
  -4.2722762e-02  -2.0854906e+00
  -5.2006220e-02   3.8137572e+00
  -5.8454787e-02  -3.6754260e+00
  -6.1748077e-02  -8.8557530e-01
  -6.2267766e-02   1.7840110e+00
  -6.0130578e-02   6.7122297e-01
  -5.5536253e-02   1.3884222e+00
  -4.8757467e-02  -2.6128804e+00
  -4.0126739e-02   1.6931549e+00
  -3.0021103e-02  -2.0733166e+00
  -1.9120061e-02   4.8004661e-01
  -7.5008026e-03   3.1783896e+00
   4.4134045e-03  -3.7197475e+00
   1.6222553e-02   3.3141602e+00
   2.6854135e-02  -4.8365675e+00
   3.6503048e-02  -3.2979250e-01
   4.4863467e-02   6.4576137e-01
   5.1328238e-02  -1.6825693e+00
   5.5955596e-02   4.2412612e+00
   5.8580701e-02  -4.2668829e+00
   5.8733289e-02   2.7349618e-01
   5.6598292e-02  -3.7065291e+00
   5.1768516e-02   6.7333857e+00
   4.5851408e-02  -1.2637682e+00
   3.7136929e-02   7.6177913e-02
   2.5691941e-02   6.6985813e-01
   1.1585656e-02  -2.9563658e+00
  -5.1117213e-03   1.0838962e+00
  -2.4328979e-02   6.5018743e-01
  -4.5992572e-02   5.8997089e-01
  -7.0024157e-02   3.4293666e+00
  -9.6337249e-02  -3.9832910e+00
  -1.2483330e-01   1.3259122e+00
  -1.5649607e-01  -4.4168806e+00
  -1.8983663e-01   2.3688916e+00
  -2.2474996e-01  -1.3796405e-01
  -2.6109606e-01  -2.4971162e+00
  -2.9869986e-01  -8.3182947e-01
  -3.3735261e-01  -4.5517927e+00
  -3.7681472e-01   3.3924356e+00
  -4.1682004e-01  -3.7273784e+00
  -4.5708149e-01  -1.6105403e+00
  -4.9729780e-01  -1.7321146e+00
  -5.3716103e-01  -1.9385560e+00
  -5.7636466e-01   2.7975834e+00
  -6.1461167e-01  -5.2874648e+00
  -6.5162249e-01   2.8823902e+00
  -6.8714211e-01  -1.7053392e+00
  -7.2094640e-01  -1.5778116e+00
  -7.5284705e-01  -1.4485627e+00
  -7.8269514e-01  -3.6459581e+00
  -8.1010858e-01   1.3545177e+00
  -8.3536030e-01  -1.3545984e+00
  -8.5841232e-01  -6.6664195e-01
  -8.7926748e-01  -3.0394202e+00
  -8.9761136e-01  -8.2896745e-01
  -9.1377227e-01   2.1186306e-01
  -9.2747380e-01  -5.1730591e+00
  -9.3906839e-01   1.7832530e+00
  -9.4864391e-01  -2.8452453e+00
  -9.5629282e-01   1.8232708e+00
  -9.6210755e-01  -1.1079092e-01
  -9.6617669e-01  -4.3973700e+00
  -9.6858213e-01   1.4626438e+00
  -9.6939743e-01  -2.1965532e+00
  -9.6813799e-01   1.6295112e+00
  -9.6553705e-01   5.7871814e-01
  -9.6161719e-01   1.4779444e-01
  -9.5612624e-01   2.3545004e+00
  -9.4942737e-01  -2.6346525e+00
  -9.4153672e-01   3.9263096e+00
  -9.3220579e-01  -2.9051106e+00
  -9.2181164e-01   1.2814083e+00
  -9.1011946e-01   5.5827275e-01
  -8.9752609e-01  -1.7252826e+00
  -8.8409567e-01  -1.5079733e-01
  -8.6991368e-01  -2.9631983e+00
  -8.5508559e-01   1.6289079e+00
  -8.3973471e-01  -3.6421748e+00
  -8.2399915e-01  -1.3747259e+00
  -8.0802817e-01   1.9046515e+00
  -7.9268667e-01  -3.0393217e+00
  -7.7762118e-01   3.0711420e+00
  -7.6303099e-01  -4.4731526e+00
  -7.4911447e-01   1.9761080e+00
  -7.3606480e-01  -2.4485945e+00
  -7.2406586e-01  -4.1254333e+00
  -7.1328853e-01   1.6051428e+00
  -7.0388739e-01  -4.2727452e+00
  -6.9599796e-01  -5.1622074e-01
  -6.8973437e-01   7.2504117e+00
  -6.8518757e-01   3.4838333e-01
  -6.8242389e-01  -2.4238189e+00
  -6.8042101e-01   6.3888553e+00
  -6.7996155e-01   9.7165041e-04
  -6.8096906e-01  -1.1138987e+00
  -6.8333173e-01  -1.1093736e+00
  -6.8690302e-01  -5.8059606e-01
  -6.9150306e-01  -2.0538181e+00
  -6.9692097e-01   1.2382256e+00
  -7.0291832e-01  -5.1915039e+00
  -7.0746172e-01   2.0356169e-02
  -7.1155218e-01  -2.2154050e+00
  -7.1479223e-01   2.9291607e+00
  -7.1676633e-01   8.3659123e+00
  -7.1704956e-01   9.8351892e-02
  -7.1549202e-01   1.2664940e+00
  -7.1134190e-01  -3.7116518e+00
  -7.0449645e-01  -1.5390231e-01
  -6.9427174e-01  -3.1742272e+00
  -6.8037937e-01  -2.1091802e+00
  -6.6258346e-01   2.3833916e+00
  -6.4071091e-01  -4.9310748e+00
  -6.1466011e-01   4.2373467e-01
  -5.8440767e-01  -2.1940057e+00
  -5.5001281e-01  -1.2571064e-01
  -5.1161929e-01  -1.1533804e+00
  -4.6945450e-01  -1.4328563e+00
  -4.2382586e-01   3.5652175e+00
  -3.7511457e-01  -5.5025687e+00
  -3.2376687e-01   5.5145754e-01
  -2.7028307e-01  -2.0696049e+00
  -2.1520488e-01  -2.5285662e+00
  -1.5910134e-01   1.5034395e+00
  -1.0255406e-01  -4.8746895e-01
  -4.6142140e-02   3.8702127e+00
   9.5724992e-03  -4.2695262e+00
   6.4058870e-02   2.1168814e+00
   1.1682930e-01  -1.6490042e+00
   1.6815865e-01   2.4985755e+00
   2.1716323e-01  -4.0310179e-01
   2.6358245e-01  -3.1805747e+00
   3.0778229e-01   3.9502543e+00
   3.4898059e-01  -2.9886898e+00
   3.8717485e-01   4.0740180e-02
   4.2242959e-01  -1.5587941e+00
   4.5487007e-01  -5.7979561e-01
   4.8467427e-01   1.0446335e+00
   5.1206327e-01  -3.8509024e+00
   5.3729073e-01   2.3707955e+00
   5.6063165e-01  -1.6673103e+00
   5.8237116e-01  -6.3555223e-01
   6.0279358e-01   1.9048660e+00
   6.2146353e-01  -3.4588212e+00
   6.3832252e-01   1.5332730e+00
   6.5492313e-01  -1.1403778e+00
   6.7111250e-01   1.9936970e+00
   6.8697843e-01  -2.2022729e+00
   7.0257201e-01   2.0637439e+00
   7.1790687e-01   2.7238837e+00
   7.3296042e-01  -3.5669309e+00
   7.4767696e-01   1.3130355e+01
   7.6059943e-01  -1.9915176e-01
   7.7331417e-01   3.0705057e-01
   7.8563329e-01   2.7986556e+00
   7.9737290e-01  -8.2335234e-01
   8.0835954e-01   2.0363346e+00
   8.1843641e-01   2.8691548e-01
   8.2746897e-01   1.0828001e+00
   8.3676723e-01  -9.7773837e-01
   8.4523032e-01  -1.1253537e+00
   8.5325486e-01   2.2897507e-01
   8.6067283e-01  -6.1359544e-02
   8.6763871e-01   3.1650343e+00
   8.7435207e-01  -3.0791574e+00
   8.8105285e-01   1.0456215e-01
   8.8801460e-01   1.7795240e+00
   8.9553605e-01  -1.7402264e+00
   9.0393118e-01   1.7396723e+00
   9.1351824e-01  -2.9463424e+00
   9.2460798e-01   1.2573264e+00
   9.3749176e-01   1.6140980e-02
   9.5242974e-01   1.5271032e+00
   9.6963997e-01   3.7304681e+00
   9.8928849e-01  -4.8541250e-01
   1.0114813e+00   8.9035078e-01
   1.0369667e+00  -2.8538865e+00
   1.0652025e+00   3.1232004e+00
   1.0961304e+00  -2.1214802e+00
   1.1296282e+00  -2.6947039e-01
   1.1649652e+00   3.2692544e+00
   1.2025834e+00   8.8682071e-01
   1.2421767e+00   2.8461643e+00
   1.2834082e+00   5.0015939e-01
   1.3259206e+00   3.7900498e+00
   1.3693474e+00  -6.6723976e-01
   1.4133230e+00   5.8702687e-01
   1.4582016e+00   4.3117643e+00
   1.5031364e+00  -1.6092826e+00
   1.5478631e+00   3.4271527e+00
   1.5921560e+00  -2.1931812e+00
   1.6368944e+00   3.6214827e+00
   1.6811700e+00   3.4987361e+00
   1.7249492e+00  -1.1494240e+00
   1.7687960e+00   3.7407473e+00
   1.8124455e+00  -2.7907415e+00
   1.8554887e+00   1.6054493e+00
   1.8984312e+00   3.1863946e+00
   1.9418004e+00   2.4576576e+00
   1.9855256e+00   1.4543543e+00
   2.0298165e+00   2.1329659e+00
   2.0748792e+00   3.5468594e+00
   2.1209070e+00  -2.1978090e+00
   2.1680717e+00   4.8408243e+00
   2.2189958e+00   3.5431939e-01
   2.2719926e+00   3.5476195e+00
   2.3272751e+00   5.1745908e+00
   2.3850301e+00  -1.3091442e+00
   2.4454138e+00   3.1503952e+00
   2.5085494e+00   1.8500160e-01
   2.5734256e+00   1.2611654e+00
   2.6414459e+00   2.7963515e+00
   2.7122925e+00  -1.3903643e+00
   2.7862288e+00   4.7170941e+00
   2.8631325e+00   2.7788038e+00
   2.9428473e+00   6.2245945e+00
   3.0251818e+00   2.6133552e+00
   3.1099066e+00   3.2728759e+00
   3.1967544e+00   2.8058156e+00
   3.2903796e+00   1.0205971e+00
   3.3868533e+00   5.4567031e+00
   3.4860944e+00   2.1889487e+00
   3.5880292e+00   2.5984068e+00
   3.6925940e+00   3.6190489e+00
   3.7997379e+00   9.8099713e-01
   3.9094240e+00   6.9948031e+00
   4.0216301e+00   1.2214666e+00
   4.1357983e+00   7.9683235e+00
   4.2526072e+00   1.4908709e+00
   4.3720370e+00   3.1519725e+00
   4.4940708e+00   3.7760858e+00
   4.6186849e+00   8.8631035e-01
   4.7507984e+00   6.9333567e+00
   4.8867545e+00   3.5531760e+00
   5.0267380e+00   4.4175610e+00
   5.1709188e+00   2.6633339e+00
   5.3194395e+00   5.8532227e+00
   5.4724034e+00   8.3892885e+00
   5.6293137e+00   7.4712838e-01
   5.7908390e+00   1.0616003e+01
   5.9568754e+00   3.7984966e+00
   6.1272481e+00   7.2727318e+00
   6.3008832e+00   5.5937939e+00
   6.4784692e+00   3.4735708e+00
   6.6595612e+00   8.1894112e+00
   6.8436461e+00   2.0084715e+00
   7.0298702e+00   1.0480370e+01
   7.2179314e+00   3.8346475e+00
   7.4071196e+00   7.6135168e+00
   7.5964033e+00   7.5341837e+00
   7.7853240e+00   6.1930677e+00
   7.9730406e+00   9.5458745e+00
   8.1586923e+00   7.1391623e+00
   8.3414095e+00   1.0629189e+01
   8.5203255e+00   7.0722242e+00
   8.6926672e+00   8.5437429e+00
   8.8599830e+00   1.2260915e+01
   9.0214038e+00   6.2030390e+00
   9.1761361e+00   1.2872057e+01
   9.3234755e+00   6.4501520e+00
   9.4628186e+00   6.8875108e+00
   9.5936734e+00   2.0235351e+01
   9.7156681e+00   8.2373009e+00
   9.8282015e+00   1.0114427e+01
   9.9314106e+00   7.5910901e+00
   1.0025281e+01   1.3931917e+01
   1.0109918e+01   8.1131669e+00
   1.0185533e+01   1.0406247e+01
   1.0252441e+01   1.2165905e+01
   1.0311038e+01   7.8478712e+00
   1.0357946e+01   1.4068895e+01
   1.0398423e+01   6.1053472e+00
   1.0432840e+01   1.2034689e+01
   1.0461616e+01   8.2947080e+00
   1.0484145e+01   7.8535686e+00
   1.0501668e+01   1.2970061e+01
   1.0514596e+01   6.7975490e+00
   1.0523321e+01   1.3384155e+01
   1.0527148e+01   7.7139781e+00
   1.0527176e+01   1.1493953e+01
   1.0523638e+01   1.1652979e+01
   1.0516724e+01   9.0181274e+00
   1.0506576e+01   1.3202970e+01
   1.0488393e+01   9.1111427e+00
   1.0467754e+01   1.0142288e+01
   1.0444101e+01   9.5026495e+00
   1.0417492e+01   1.0002483e+01
   1.0387721e+01   1.0193819e+01
   1.0354595e+01   9.5005861e+00
   1.0317943e+01   1.4719840e+01
   1.0277625e+01   9.1645530e+00
   1.0233536e+01   1.2423597e+01
   1.0185615e+01   9.7162495e+00
   1.0133853e+01   5.9282337e+00
   1.0082908e+01   1.4650325e+01
   1.0029562e+01   8.6769910e+00
   9.9742751e+00   1.1929370e+01
   9.9176136e+00   1.1051007e+01
   9.8602507e+00   8.0888497e+00
   9.8029610e+00   1.1085678e+01
   9.7466108e+00   7.4279243e+00
   9.6935609e+00   1.0771589e+01
   9.6437883e+00   7.7351518e+00
   9.5984145e+00   1.1791234e+01
   9.5585790e+00   8.8552097e+00
   9.5254090e+00   9.7565188e+00
   9.4999856e+00   9.9165677e+00
   9.4833092e+00   5.1718222e+00
   9.4762649e+00   1.1749676e+01
   9.4795893e+00   9.4815989e+00
   9.4938410e+00   8.2943490e+00
   9.5193749e+00   1.0630993e+01
   9.5563238e+00   8.9229955e+00
   9.6045860e+00   1.0284456e+01
   9.6640960e+00   7.0080753e+00
   9.7339417e+00   1.1476703e+01
   9.8133420e+00   1.1545223e+01
   9.9013140e+00   1.0026101e+01
   9.9967015e+00   1.4015302e+01
   1.0098210e+01   8.4996050e+00
   1.0204444e+01   1.1179489e+01
   1.0313952e+01   1.0083790e+01
   1.0425266e+01   9.7640286e+00
   1.0536945e+01   1.0180522e+01
   1.0647614e+01   6.7409932e+00
   1.0756820e+01   1.4799151e+01
   1.0862400e+01   8.1486821e+00
   1.0963400e+01   1.2289203e+01
   1.1059022e+01   1.1605186e+01
   1.1149466e+01   1.0497833e+01
   1.1233261e+01   1.1526432e+01
   1.1310161e+01   1.7772033e+01
   1.1380073e+01   1.4632841e+01
   1.1443040e+01   9.3099621e+00
   1.1500055e+01   1.3269378e+01
   1.1550371e+01   9.9776267e+00
   1.1594657e+01   1.2106218e+01
   1.1633025e+01   1.5494155e+01
   1.1665974e+01   1.1118932e+01
   1.1694022e+01   1.5144646e+01
   1.1717690e+01   7.8828632e+00
   1.1737488e+01   1.0542536e+01
   1.1753903e+01   9.8266550e+00
   1.1767394e+01   9.0897110e+00
   1.1778386e+01   1.1792833e+01
   1.1783692e+01   9.7289683e+00
   1.1788058e+01   1.2279146e+01
   1.1791615e+01   9.8094189e+00
   1.1794484e+01   9.5957189e+00
   1.1796775e+01   1.1361568e+01
   1.1798940e+01   7.3744518e+00
   1.1800810e+01   1.5095537e+01
   1.1801383e+01   1.0494708e+01
   1.1800328e+01   1.0691439e+01
   1.1798245e+01   1.0145693e+01
   1.1795567e+01   9.5797672e+00
   1.1791100e+01   1.2848877e+01
   1.1785457e+01   8.0045487e+00
   1.1778404e+01   1.4914119e+01
   1.1769679e+01   1.0406240e+01
   1.1758996e+01   1.1260703e+01
   1.1746049e+01   1.2390383e+01
   1.1730519e+01   1.0314507e+01
   1.1712079e+01   1.1974203e+01
   1.1690407e+01   8.1023237e+00
   1.1665194e+01   1.1827986e+01
   1.1636159e+01   1.1128897e+01
   1.1603061e+01   1.1770056e+01
   1.1565712e+01   1.4822285e+01
   1.1523990e+01   7.7286749e+00
   1.1477852e+01   1.2506316e+01
   1.1427343e+01   1.0103942e+01
   1.1372606e+01   1.0160171e+01
   1.1313879e+01   1.1616705e+01
   1.1251503e+01   7.7680748e+00
   1.1185914e+01   1.1791295e+01
   1.1115510e+01   7.0833802e+00
   1.1042425e+01   1.4123582e+01
   1.0968253e+01   1.0506876e+01
   1.0892779e+01   9.5825883e+00
   1.0816624e+01   1.4184111e+01
   1.0740403e+01   8.6685028e+00
   1.0664700e+01   1.1230794e+01
   1.0594665e+01   1.0521371e+01
   1.0527450e+01   1.2685314e+01
   1.0463746e+01   9.8654446e+00
   1.0404204e+01   9.6579523e+00
   1.0349434e+01   1.3388316e+01
   1.0299999e+01   6.2123842e+00
   1.0256421e+01   1.1397332e+01
   1.0219180e+01   1.8101454e+01
   1.0188716e+01   1.1049139e+01
   1.0165429e+01   1.0431555e+01
   1.0156055e+01   9.7888557e+00
   1.0156301e+01   1.1584652e+01
   1.0166816e+01   6.7666446e+00
   1.0188245e+01   1.3631613e+01
   1.0221210e+01   8.0376686e+00
   1.0266301e+01   1.0619147e+01
   1.0324049e+01   1.0929571e+01
   1.0394907e+01   7.0276326e+00
   1.0478952e+01   1.3673599e+01
   1.0576743e+01   8.6256783e+00
   1.0688339e+01   1.3570671e+01
   1.0820317e+01   8.8992009e+00
   1.0967395e+01   9.4283705e+00
   1.1128789e+01   1.5244123e+01
   1.1305068e+01   8.9733071e+00
   1.1494789e+01   1.5419135e+01
   1.1697391e+01   1.1600510e+01
   1.1912147e+01   1.2054936e+01
   1.2138177e+01   1.1623445e+01
   1.2374464e+01   1.1162175e+01
   1.2619872e+01   1.6907181e+01
   1.2873171e+01   1.2733226e+01
   1.3133050e+01   1.7301216e+01
   1.3398143e+01   1.1038324e+01
   1.3667045e+01   1.1108120e+01
   1.3938331e+01   1.6833377e+01
   1.4210572e+01   1.4143151e+01
   1.4482349e+01   1.7539635e+01
   1.4752270e+01   1.0423799e+01
   1.5018976e+01   1.7737617e+01
   1.5281160e+01   1.5975643e+01
   1.5537573e+01   1.5825538e+01
   1.5795544e+01   1.8096747e+01
   1.6047831e+01   1.4976011e+01
   1.6295597e+01   1.6032621e+01
   1.6536496e+01   1.1917537e+01
   1.6769658e+01   1.8651899e+01
   1.6996223e+01   1.8864031e+01
   1.7216454e+01   1.4942935e+01
   1.7430793e+01   2.1697495e+01
   1.7639846e+01   2.1144980e+01
   1.7840797e+01   1.9403559e+01
   1.8038919e+01   1.6887235e+01
   1.8234992e+01   1.5128653e+01
   1.8429870e+01   1.8278692e+01
   1.8624431e+01   1.4341860e+01
   1.8819521e+01   2.1098539e+01
   1.9015902e+01   1.4894562e+01
   1.9214206e+01   2.0846653e+01
   1.9414885e+01   1.9946517e+01
   1.9618178e+01   1.7455737e+01
   1.9819139e+01   2.3827776e+01
   2.0023602e+01   1.6807214e+01
   2.0235064e+01   2.1343488e+01
   2.0449492e+01   1.9065472e+01
   2.0666001e+01   1.8744501e+01
   2.0883585e+01   2.4426523e+01
   2.1101165e+01   2.1247970e+01
   2.1317627e+01   2.4596387e+01
   2.1531874e+01   1.7535254e+01
   2.1742872e+01   2.3833220e+01
   2.1949693e+01   3.0752334e+01
   2.2147783e+01   2.1621620e+01
   2.2341341e+01   2.2886762e+01
   2.2529747e+01   1.9776154e+01
   2.2712600e+01   2.3320070e+01
   2.2889708e+01   2.3221589e+01
   2.3061058e+01   2.1778560e+01
   2.3226792e+01   2.6110135e+01
   2.3387163e+01   2.3460577e+01
   2.3542495e+01   2.4258729e+01
   2.3693142e+01   2.2169101e+01
   2.3839446e+01   3.4594954e+01
   2.3981706e+01   2.1765162e+01
   2.4120149e+01   2.1114424e+01
   2.4254909e+01   2.7379984e+01
   2.4386020e+01   2.3356929e+01
   2.4508805e+01   2.4950272e+01
   2.4626426e+01   2.0504688e+01
   2.4738354e+01   2.3697284e+01
   2.4843957e+01   2.3858367e+01
   2.4942527e+01   2.3847706e+01
   2.5033304e+01   2.4937221e+01
   2.5108917e+01   2.2249373e+01
   2.5176720e+01   2.5638849e+01
   2.5235662e+01   2.4345792e+01
   2.5284816e+01   2.6713876e+01
   2.5323395e+01   2.4203703e+01
   2.5350772e+01   2.3082160e+01
   2.5366490e+01   2.5607672e+01
   2.5370275e+01   2.1506544e+01
   2.5362039e+01   2.4345757e+01
   2.5341886e+01   2.7105620e+01
   2.5310111e+01   2.6322559e+01
   2.5260109e+01   3.3423679e+01
   2.5197659e+01   2.1577879e+01
   2.5123160e+01   2.8842426e+01
   2.5034261e+01   2.1600203e+01
   2.4933567e+01   2.5272166e+01
   2.4821514e+01   2.4078159e+01
   2.4698541e+01   2.3034313e+01
   2.4565075e+01   2.4862981e+01
   2.4421515e+01   2.4373816e+01
   2.4268219e+01   2.5339824e+01
   2.4102207e+01   2.3307784e+01
   2.3927813e+01   2.6052192e+01
   2.3745118e+01   2.6090120e+01
   2.3554213e+01   2.2561111e+01
   2.3355220e+01   2.4279895e+01
   2.3148314e+01   2.1208317e+01
   2.2931981e+01   2.3148123e+01
   2.2707868e+01   2.4104520e+01
   2.2476370e+01   1.9941711e+01
   2.2237755e+01   2.6469171e+01
   2.1993064e+01   2.1035028e+01
   2.1743157e+01   2.3867562e+01
   2.1493319e+01   2.1938593e+01
   2.1241674e+01   2.2477318e+01
   2.0989819e+01   2.1960236e+01
   2.0739501e+01   2.5088474e+01
   2.0492579e+01   2.3760610e+01
   2.0250980e+01   1.7996804e+01
   2.0016651e+01   1.9653444e+01
   1.9791507e+01   1.9597314e+01
   1.9581630e+01   2.0284043e+01
   1.9385648e+01   1.9605928e+01
   1.9205338e+01   1.7163676e+01
   1.9042302e+01   2.3163787e+01
   1.8901500e+01   1.9310625e+01
   1.8779683e+01   1.9495956e+01
   1.8677924e+01   2.1155604e+01
   1.8597001e+01   1.6121014e+01
   1.8537746e+01   2.2721877e+01
   1.8500085e+01   1.6389110e+01
   1.8483932e+01   2.0934854e+01
   1.8488922e+01   1.6504866e+01
   1.8514428e+01   2.0927757e+01
   1.8559575e+01   2.1718388e+01
   1.8623257e+01   1.5438399e+01
   1.8704157e+01   2.3399047e+01
   1.8800772e+01   1.8645199e+01
   1.8911441e+01   2.2502076e+01
   1.9034366e+01   1.7186843e+01
   1.9167652e+01   2.0053937e+01
   1.9312169e+01   2.1731179e+01
   1.9469364e+01   1.7860933e+01
   1.9630646e+01   2.0015394e+01
   1.9794522e+01   2.0530140e+01
   1.9961750e+01   1.9235056e+01
   2.0128270e+01   1.9978829e+01
   2.0292960e+01   1.7153516e+01
   2.0454826e+01   2.2064869e+01
   2.0613027e+01   2.0139231e+01
   2.0766887e+01   2.2526509e+01
   2.0915900e+01   1.7956314e+01
   2.1059731e+01   1.9461965e+01
   2.1199621e+01   2.2850519e+01
   2.1334509e+01   1.8890475e+01
   2.1464567e+01   2.2585536e+01
   2.1590070e+01   1.9665536e+01
   2.1712435e+01   2.0467518e+01
   2.1832668e+01   2.2807802e+01
   2.1949558e+01   2.2301365e+01
   2.2063657e+01   2.1725409e+01
   2.2175479e+01   1.8658054e+01
   2.2285486e+01   2.4690923e+01
   2.2394072e+01   2.1173939e+01
   2.2498260e+01   2.2460537e+01
   2.2602348e+01   2.1196120e+01
   2.2706326e+01   1.9963316e+01
   2.2810136e+01   2.3143990e+01
   2.2913664e+01   2.1072124e+01
   2.3016751e+01   2.2425234e+01
   2.3119194e+01   2.2151342e+01
   2.3220754e+01   2.0744271e+01
   2.3317868e+01   2.4180596e+01
   2.3414307e+01   1.9640746e+01
   2.3509604e+01   2.4329850e+01
   2.3607917e+01   2.2856208e+01
   2.3705489e+01   2.4757931e+01
   2.3802196e+01   2.4415088e+01
   2.3897977e+01   1.9938441e+01
   2.3992841e+01   2.6397691e+01
   2.4086588e+01   2.1364369e+01
   2.4179699e+01   2.6852642e+01
   2.4272367e+01   2.1058443e+01
   2.4364844e+01   2.3869612e+01
   2.4457430e+01   2.3703376e+01
   2.4553655e+01   2.3244312e+01
   2.4651577e+01   2.4993526e+01
   2.4751756e+01   2.1257061e+01
   2.4854763e+01   2.3136962e+01
   2.4961160e+01   2.6573635e+01
   2.5071475e+01   2.3781360e+01
   2.5186179e+01   2.9185192e+01
   2.5303466e+01   2.3317735e+01
   2.5426333e+01   2.5694547e+01
   2.5554842e+01   2.5334845e+01
   2.5688938e+01   2.8141720e+01
   2.5828437e+01   2.6375097e+01
   2.5973017e+01   2.2377937e+01
   2.6122218e+01   2.5487457e+01
   2.6275446e+01   2.5343629e+01
   2.6431982e+01   2.8494548e+01
   2.6592413e+01   2.5434355e+01
   2.6754795e+01   2.8231660e+01
   2.6918224e+01   2.9430614e+01
   2.7080665e+01   2.3356859e+01
   2.7242530e+01   2.9069934e+01
   2.7402842e+01   2.5702498e+01
   2.7560674e+01   2.8287332e+01
   2.7712930e+01   2.9483941e+01
   2.7860885e+01   2.7515212e+01
   2.8003748e+01   2.8609995e+01
   2.8140837e+01   2.6635006e+01
   2.8271577e+01   3.0679921e+01
   2.8395503e+01   2.8813447e+01
   2.8512261e+01   2.7560674e+01
   2.8621593e+01   2.8705679e+01
   2.8721568e+01   2.8042541e+01
   2.8813386e+01   3.0086649e+01
   2.8896936e+01   3.5961606e+01
   2.8972154e+01   2.9304019e+01
   2.9039015e+01   2.6527783e+01
   2.9097524e+01   2.7915069e+01
   2.9143459e+01   2.8367765e+01
   2.9179946e+01   2.7867578e+01
   2.9206801e+01   3.2674581e+01
   2.9223830e+01   2.5447965e+01
   2.9227260e+01   2.9416377e+01
   2.9220938e+01   2.7778500e+01
   2.9204761e+01   2.5909308e+01
   2.9178405e+01   3.7341643e+01
   2.9141612e+01   2.8018840e+01
   2.9094204e+01   3.0017198e+01
   2.9036095e+01   2.7551841e+01
   2.8967304e+01   2.6958417e+01
   2.8888678e+01   2.8303321e+01
   2.8799972e+01   2.5348654e+01
   2.8699159e+01   2.9369561e+01
   2.8589881e+01   2.5602186e+01
   2.8472759e+01   3.1090825e+01
   2.8348579e+01   2.8977641e+01
   2.8218282e+01   2.6656475e+01
   2.8082948e+01   2.7716137e+01
   2.7943772e+01   2.5859497e+01
   2.7802397e+01   2.8045147e+01
   2.7659917e+01   2.4388193e+01
   2.7517738e+01   2.7416491e+01
   2.7377264e+01   3.0469702e+01
   2.7239867e+01   2.6784242e+01
   2.7106849e+01   2.8584308e+01
   2.6979417e+01   2.7013845e+01
   2.6858648e+01   2.8142887e+01
   2.6745467e+01   2.7014236e+01
   2.6639529e+01   2.5342805e+01
   2.6542758e+01   2.5633683e+01
   2.6455480e+01   2.2785185e+01
   2.6377840e+01   2.7761616e+01
   2.6309805e+01   2.2863667e+01
   2.6251176e+01   2.8930628e+01
   2.6201605e+01   2.5660478e+01
   2.6161711e+01   2.4690490e+01
   2.6129554e+01   2.9109901e+01
   2.6104516e+01   2.2314321e+01
   2.6085914e+01   2.8957711e+01
   2.6073022e+01   2.3394373e+01
   2.6065097e+01   2.7160100e+01
   2.6061398e+01   2.5238139e+01
   2.6061212e+01   2.4148831e+01
   2.6065234e+01   2.6455855e+01
   2.6071145e+01   2.2849001e+01
   2.6078446e+01   2.7960065e+01
   2.6086692e+01   2.7642129e+01
   2.6096203e+01   2.3097076e+01
   2.6106139e+01   3.0116569e+01
   2.6119567e+01   2.5256663e+01
   2.6132257e+01   2.9658490e+01
   2.6144261e+01   2.6032912e+01
   2.6155651e+01   2.8004732e+01
   2.6166521e+01   2.5382953e+01
   2.6177259e+01   2.4260132e+01
   2.6189066e+01   2.6512351e+01
   2.6201067e+01   2.2055880e+01
   2.6213493e+01   3.5458834e+01
   2.6226589e+01   2.3837954e+01
   2.6240599e+01   2.6612664e+01
   2.6255768e+01   2.8994061e+01
   2.6271784e+01   2.2769225e+01
   2.6289549e+01   3.0222053e+01
   2.6309240e+01   2.2807099e+01
   2.6331015e+01   2.7294485e+01
   2.6355004e+01   2.6469497e+01
   2.6378823e+01   2.6591353e+01
   2.6404320e+01   3.0277535e+01
   2.6431359e+01   2.4830723e+01
   2.6459731e+01   2.8740339e+01
   2.6488886e+01   2.4283679e+01
   2.6518814e+01   2.6786063e+01
   2.6549086e+01   2.8460310e+01
   2.6577089e+01   2.4382322e+01
   2.6603821e+01   2.8064125e+01
   2.6628580e+01   2.4146397e+01
   2.6650619e+01   3.0493354e+01
   2.6669172e+01   2.6512207e+01
   2.6683468e+01   2.6285118e+01
   2.6692754e+01   3.0391479e+01
   2.6696322e+01   2.4290061e+01
   2.6693529e+01   2.8865098e+01
   2.6683825e+01   2.6948612e+01
   2.6664287e+01   2.8584149e+01
   2.6636399e+01   2.7845279e+01
   2.6599845e+01   2.3255632e+01
   2.6554446e+01   2.8041087e+01
   2.6500166e+01   2.5908667e+01
   2.6435694e+01   2.7627046e+01
   2.6362301e+01   2.4740356e+01
   2.6280280e+01   2.8978347e+01
   2.6190037e+01   2.8179420e+01
   2.6092072e+01   2.2229499e+01
   2.5985903e+01   3.0630817e+01
   2.5872946e+01   2.4838037e+01
   2.5753830e+01   2.5098055e+01
   2.5629208e+01   2.7367197e+01
   2.5499745e+01   2.6256713e+01
   2.5363074e+01   2.6460664e+01
   2.5222318e+01   2.0235320e+01
   2.5077941e+01   2.7705447e+01
   2.4928247e+01   2.3516922e+01
   2.4774460e+01   2.4819825e+01
   2.4617334e+01   2.6728021e+01
   2.4457021e+01   2.4924662e+01
   2.4293634e+01   2.7145110e+01
   2.4126158e+01   2.0727066e+01
   2.3956006e+01   2.4794667e+01
   2.3783180e+01   2.4221471e+01
   2.3607695e+01   2.4295683e+01
   2.3429591e+01   2.4172813e+01
   2.3248950e+01   3.0383398e+01
   2.3065904e+01   2.5161620e+01
   2.2880649e+01   2.0058516e+01
   2.2693449e+01   2.4725287e+01
   2.2504652e+01   2.1194135e+01
   2.2314687e+01   2.1678127e+01
   2.2125996e+01   2.2749552e+01
   2.1942482e+01   2.1253455e+01
   2.1760829e+01   2.6220310e+01
   2.1582218e+01   2.1358168e+01
   2.1408280e+01   2.1427321e+01
   2.1240116e+01   2.1805742e+01
   2.1079164e+01   2.0841163e+01
   2.0928549e+01   2.2029131e+01
   2.0787721e+01   1.6448702e+01
   2.0658216e+01   2.4137780e+01
   2.0541490e+01   2.0449168e+01
   2.0438882e+01   1.8689374e+01
   2.0351576e+01   2.4272733e+01
   2.0280564e+01   2.5394988e+01
   2.0226615e+01   2.0488817e+01
   2.0190242e+01   1.7930583e+01
   2.0171681e+01   2.2546273e+01
   2.0172797e+01   2.1023277e+01
   2.0190865e+01   2.0198112e+01
   2.0224612e+01   2.1444823e+01
   2.0273685e+01   1.7577089e+01
   2.0336895e+01   2.1774606e+01
   2.0413894e+01   1.8114176e+01
   2.0501668e+01   2.0481046e+01
   2.0598439e+01   2.1949383e+01
   2.0702299e+01   1.7495725e+01
   2.0811267e+01   2.4683850e+01
   2.0924169e+01   1.7860967e+01
   2.1038029e+01   2.3649406e+01
   2.1151015e+01   1.8339268e+01
   2.1261425e+01   2.2854632e+01
   2.1367723e+01   2.3452319e+01
   2.1470500e+01   2.6107018e+01
   2.1566281e+01   2.3768366e+01
   2.1654291e+01   2.0070098e+01
   2.1735632e+01   2.2974921e+01
   2.1808502e+01   2.3717836e+01
   2.1872203e+01   2.0786953e+01
   2.1926923e+01   2.5227851e+01
   2.1973013e+01   1.9488915e+01
   2.2010959e+01   2.3036569e+01
   2.2041360e+01   2.1444304e+01
   2.2065602e+01   2.3208270e+01
   2.2083906e+01   2.3031452e+01
   2.2097078e+01   1.9207292e+01
   2.2105929e+01   2.2135514e+01
   2.2111262e+01   2.0028404e+01
   2.2113848e+01   2.2045733e+01
   2.2114412e+01   1.9924983e+01
   2.2113624e+01   2.2561162e+01
   2.2112087e+01   2.3499895e+01
   2.2110333e+01   1.8928207e+01
   2.2104429e+01   2.2909251e+01
   2.2100177e+01   2.7562900e+01
   2.2097677e+01   2.0937925e+01
   2.2096720e+01   2.4508304e+01
   2.2097677e+01   2.1622181e+01
   2.2100532e+01   2.6137395e+01
   2.2105236e+01   2.2134801e+01
   2.2111004e+01   2.4532408e+01
   2.2118239e+01   1.8926430e+01
   2.2126765e+01   2.0079097e+01
   2.2136373e+01   2.4200244e+01
   2.2146832e+01   2.0967655e+01
   2.2157887e+01   2.3176596e+01
   2.2169267e+01   1.7820031e+01
   2.2180690e+01   2.2119642e+01
   2.2191873e+01   2.1043840e+01
   2.2202533e+01   2.3325372e+01
   2.2212399e+01   2.4253977e+01
   2.2221765e+01   1.7609238e+01
   2.2229727e+01   2.4070130e+01
   2.2236110e+01   1.9782225e+01
   2.2240775e+01   2.3743863e+01
   2.2243617e+01   2.3508539e+01
   2.2244572e+01   2.0373142e+01
   2.2243617e+01   2.4857614e+01
   2.2240775e+01   1.9287350e+01
   2.2242844e+01   2.5700084e+01
   2.2245062e+01   2.0129008e+01
   2.2247982e+01   2.1175619e+01
   2.2252242e+01   2.2735395e+01
   2.2258563e+01   2.0081944e+01
   2.2267737e+01   2.6084500e+01
   2.2280613e+01   1.9172124e+01
   2.2298082e+01   2.2234997e+01
   2.2321051e+01   2.4718280e+01
   2.2350420e+01   1.9055228e+01
   2.2387059e+01   2.4835271e+01
   2.2431772e+01   2.1882701e+01
   2.2485271e+01   2.4407415e+01
   2.2548143e+01   1.9919489e+01
   2.2620821e+01   2.1977247e+01
   2.2703010e+01   2.4023264e+01
   2.2795436e+01   2.2020965e+01
   2.2897905e+01   2.2790872e+01
   2.3009999e+01   2.2277694e+01
   2.3131070e+01   2.1475102e+01
   2.3260253e+01   2.3878046e+01
   2.3396478e+01   2.4484311e+01
   2.3538494e+01   2.3799815e+01
   2.3684901e+01   2.3620717e+01
   2.3835960e+01   2.5761021e+01
   2.3988815e+01   2.1210196e+01
   2.4141975e+01   2.6048286e+01
   2.4293992e+01   2.4669341e+01
   2.4443504e+01   2.3263155e+01
   2.4589279e+01   2.5093727e+01
   2.4730243e+01   2.2087271e+01
   2.4865515e+01   2.9197769e+01
   2.4994967e+01   2.6574406e+01
   2.5117458e+01   2.5794920e+01
   2.5232760e+01   2.7414136e+01
   2.5340842e+01   2.4222503e+01
   2.5441848e+01   2.7391545e+01
   2.5536069e+01   2.5162718e+01
   2.5623918e+01   2.4355889e+01
   2.5705892e+01   2.5221872e+01
   2.5782540e+01   2.5212742e+01
   2.5854432e+01   2.6220464e+01
   2.5922123e+01   2.2053143e+01
   2.5986134e+01   2.8418382e+01
   2.6046927e+01   2.6161355e+01
   2.6104893e+01   3.6392766e+01
   2.6160341e+01   2.8681340e+01
   2.6213497e+01   2.2221539e+01
   2.6264504e+01   3.0890487e+01
   2.6313434e+01   2.4851171e+01
   2.6360293e+01   2.9792983e+01
   2.6399822e+01   2.4365040e+01
   2.6438375e+01   2.4402651e+01
   2.6475601e+01   3.0177562e+01
   2.6511190e+01   2.3428365e+01
   2.6539913e+01   2.7647630e+01
   2.6565139e+01   2.4683478e+01
   2.6586405e+01   2.6420774e+01
   2.6602907e+01   2.6460264e+01
   2.6614465e+01   2.3441109e+01
   2.6620632e+01   2.8225218e+01
   2.6621682e+01   2.5787070e+01
   2.6616675e+01   3.1001732e+01
   2.6605244e+01   2.7667087e+01
   2.6587049e+01   2.5877650e+01
   2.6561785e+01   2.7774392e+01
   2.6529195e+01   2.5650856e+01
   2.6489082e+01   2.8369362e+01
   2.6441327e+01   2.4554666e+01
   2.6385899e+01   2.9617370e+01
   2.6322878e+01   2.4971722e+01
   2.6252463e+01   2.4629589e+01
   2.6174981e+01   2.7372744e+01
   2.6090902e+01   2.3772207e+01
   2.6000830e+01   2.9756128e+01
   2.5904134e+01   2.2586608e+01
   2.5803369e+01   2.6640822e+01
   2.5699443e+01   2.7213289e+01
   2.5593358e+01   2.3203246e+01
   2.5486185e+01   2.6926334e+01
   2.5379032e+01   2.5223618e+01
   2.5273008e+01   2.7968126e+01
   2.5169192e+01   2.2486473e+01
   2.5071081e+01   2.2475227e+01
   2.4977801e+01   2.8220680e+01
   2.4890306e+01   2.4906825e+01
   2.4809430e+01   2.7585358e+01
   2.4734817e+01   2.2681233e+01
   2.4667798e+01   2.7166718e+01
   2.4608738e+01   2.2732660e+01
   2.4557850e+01   2.2373140e+01
   2.4515210e+01   2.8551438e+01
   2.4480764e+01   3.0057460e+01
   2.4454343e+01   2.5055392e+01
   2.4435675e+01   2.1445801e+01
   2.4424397e+01   2.4182945e+01
   2.4420075e+01   2.3513108e+01
   2.4422212e+01   2.4676740e+01
   2.4430262e+01   2.9168525e+01
   2.4444348e+01   2.0791496e+01
   2.4463344e+01   2.5248974e+01
   2.4486658e+01   2.6292477e+01
   2.4513692e+01   3.0679794e+01
   2.4543850e+01   2.7981799e+01
   2.4576545e+01   2.3001747e+01
   2.4613689e+01   2.4729865e+01
   2.4656791e+01   2.1075552e+01
   2.4700752e+01   2.6228591e+01
   2.4745460e+01   2.3618370e+01
   2.4791111e+01   2.3909660e+01
   2.4837335e+01   2.7007278e+01
   2.4884157e+01   2.2025984e+01
   2.4931103e+01   2.5499598e+01
   2.4978970e+01   2.1938083e+01
   2.5027892e+01   2.6145491e+01
   2.5078039e+01   2.7265631e+01
   2.5129603e+01   2.5032076e+01
   2.5182784e+01   2.5926785e+01
   2.5237772e+01   2.0654527e+01
   2.5294729e+01   2.9105264e+01
   2.5353775e+01   2.3427335e+01
   2.5414966e+01   2.5398828e+01
   2.5478288e+01   2.9667577e+01
   2.5543645e+01   2.4595210e+01
   2.5610854e+01   2.9381909e+01
   2.5683897e+01   2.3286353e+01
   2.5759351e+01   2.6435392e+01
   2.5836695e+01   2.4931496e+01
   2.5915993e+01   2.3593982e+01
   2.5997023e+01   2.6959903e+01
   2.6079568e+01   2.2452207e+01
   2.6163430e+01   2.9881377e+01
   2.6248440e+01   2.3218402e+01
   2.6334477e+01   2.4770272e+01
   2.6419540e+01   2.7269344e+01
   2.6505976e+01   2.3943292e+01
   2.6593709e+01   2.9158238e+01
   2.6682722e+01   2.5370916e+01
   2.6773857e+01   2.6689667e+01
   2.6866138e+01   2.5062843e+01
   2.6959644e+01   2.3402754e+01
   2.7047694e+01   2.8027859e+01
   2.7135154e+01   2.5077456e+01
   2.7221553e+01   3.0708911e+01
   2.7306284e+01   2.3642050e+01
   2.7388597e+01   2.5698798e+01
   2.7467597e+01   2.6773253e+01
   2.7542256e+01   2.3282745e+01
   2.7609660e+01   2.9530336e+01
   2.7669856e+01   2.4459941e+01
   2.7720906e+01   2.9245549e+01
   2.7761008e+01   2.7407558e+01
   2.7789513e+01   2.8168291e+01
   2.7805021e+01   2.7941449e+01
   2.7806252e+01   2.7426188e+01
   2.7792104e+01   3.0169901e+01
   2.7759772e+01   2.7841180e+01
   2.7711006e+01   3.6336300e+01
   2.7643265e+01   3.0432188e+01
   2.7558005e+01   2.5854521e+01
   2.7455011e+01   2.8092498e+01
   2.7335006e+01   2.3588392e+01
   2.7197688e+01   2.7396611e+01
   2.7044880e+01   2.4505788e+01
   2.6877828e+01   2.5623543e+01
   2.6697989e+01   2.4668164e+01
   2.6506985e+01   2.5899632e+01
   2.6306555e+01   2.8734180e+01
   2.6098506e+01   2.5306197e+01
   2.5883956e+01   2.8808803e+01
   2.5664863e+01   2.4681874e+01
   2.5443180e+01   2.5506205e+01
   2.5220479e+01   2.8680973e+01
   2.4999622e+01   2.2082526e+01
   2.4780880e+01   2.8228455e+01
   2.4566545e+01   2.4437934e+01
   2.4353634e+01   2.6663996e+01
   2.4147217e+01   2.4684194e+01
   2.3948293e+01   2.4285660e+01
   2.3759292e+01   2.7158115e+01
   2.3579261e+01   2.2339695e+01
   2.3408848e+01   2.5243881e+01
   2.3248663e+01   2.4643339e+01
   2.3100699e+01   2.5156316e+01
   2.2964480e+01   3.4198906e+01
   2.2840603e+01   2.2975791e+01
   2.2729638e+01   2.7395387e+01
   2.2632115e+01   1.9119260e+01
   2.2548505e+01   2.3816100e+01
   2.2479210e+01   2.2755899e+01
   2.2424534e+01   2.2647867e+01
   2.2384668e+01   2.5043832e+01
   2.2364885e+01   2.1011127e+01
   2.2361138e+01   2.2626788e+01
   2.2371624e+01   2.0661198e+01
   2.2396264e+01   2.1364010e+01
   2.2434783e+01   2.2756258e+01
   2.2486712e+01   2.1045463e+01
   2.2551407e+01   2.5478106e+01
   2.2629435e+01   1.8984646e+01
   2.2718156e+01   2.5530248e+01
   2.2816573e+01   2.9340940e+01
   2.2924408e+01   2.0641633e+01
   2.3039474e+01   2.3485423e+01
   2.3160591e+01   2.0990634e+01
   2.3286558e+01   2.5865145e+01
   2.3416173e+01   1.9224020e+01
   2.3548261e+01   2.3386966e+01
   2.3681691e+01   2.4098331e+01
   2.3817042e+01   2.2555271e+01
   2.3951287e+01   2.5244487e+01
   2.4083864e+01   2.2970047e+01
   2.4214027e+01   2.6673350e+01
   2.4341671e+01   2.4620180e+01
   2.4465202e+01   2.5275499e+01
   2.4584162e+01   2.3711684e+01
   2.4698162e+01   2.3515820e+01
   2.4806884e+01   2.8836550e+01
   2.4910075e+01   2.2417704e+01
   2.5008260e+01   2.7429900e+01
   2.5101355e+01   2.6960253e+01
   2.5188942e+01   2.5747001e+01
   2.5270760e+01   2.9526487e+01
   2.5346959e+01   2.1098085e+01
   2.5416642e+01   2.8281244e+01
   2.5481416e+01   2.4250757e+01
   2.5540697e+01   2.6702895e+01
   2.5597208e+01   2.6978428e+01
   2.5650210e+01   2.2497855e+01
   2.5700463e+01   2.9434900e+01
   2.5746501e+01   2.0955201e+01
   2.5790839e+01   2.5280587e+01
   2.5833892e+01   3.0977487e+01
   2.5876089e+01   2.4806316e+01
   2.5916757e+01   2.5141202e+01
   2.5957663e+01   2.3808931e+01
   2.5999141e+01   2.6905266e+01
   2.6041493e+01   2.3111469e+01
   2.6084983e+01   2.5663430e+01
   2.6129825e+01   2.7529633e+01
   2.6176177e+01   2.6257318e+01
   2.6224134e+01   3.0709084e+01
   2.6273726e+01   2.4511103e+01
   2.6324916e+01   2.7406014e+01
   2.6375678e+01   2.2785468e+01
   2.6428216e+01   2.7447838e+01
   2.6482211e+01   2.6760608e+01
   2.6537308e+01   2.7083574e+01
   2.6593121e+01   2.8852764e+01
   2.6649242e+01   2.4338442e+01
   2.6705248e+01   2.9261650e+01
   2.6762839e+01   2.4697808e+01
   2.6820055e+01   2.5751056e+01
   2.6876618e+01   2.9077791e+01
   2.6932295e+01   2.5481763e+01
   2.6986903e+01   3.0741235e+01
   2.7040317e+01   2.2737248e+01
   2.7092833e+01   2.9059604e+01
   2.7144199e+01   2.5678918e+01
   2.7194503e+01   2.4613195e+01
   2.7243897e+01   3.0075315e+01
   2.7292584e+01   2.7073693e+01
   2.7340809e+01   2.8006899e+01
   2.7388573e+01   2.6607498e+01
   2.7436503e+01   2.6024601e+01
   2.7484872e+01   2.6578822e+01
   2.7533935e+01   2.6696164e+01
   2.7583914e+01   3.0552748e+01
   2.7634985e+01   2.3641590e+01
   2.7687259e+01   2.8532919e+01
   2.7740234e+01   2.9568609e+01
   2.7794553e+01   2.5405308e+01
   2.7850079e+01   3.5598802e+01
   2.7906606e+01   2.3831724e+01
   2.7963858e+01   3.2135416e+01
   2.8021503e+01   2.7407974e+01
   2.8079161e+01   3.1121821e+01
   2.8136421e+01   3.0304004e+01
   2.8191754e+01   2.8462816e+01
   2.8246082e+01   3.8807191e+01
   2.8298661e+01   2.7087729e+01
   2.8349393e+01   3.1061391e+01
   2.8397880e+01   2.9378066e+01
   2.8444137e+01   2.8288359e+01
   2.8487636e+01   3.1650199e+01
   2.8528196e+01   2.7700843e+01
   2.8565711e+01   3.2639318e+01
   2.8600144e+01   2.8797048e+01
   2.8631882e+01   2.8018459e+01
   2.8660762e+01   2.6214852e+01
   2.8686950e+01   2.8685781e+01
   2.8710659e+01   3.1225267e+01
   2.8732137e+01   3.2774730e+01
   2.8751660e+01   4.0954168e+01
   2.8769516e+01   2.8598054e+01
   2.8786001e+01   2.9680197e+01
   2.8801405e+01   2.7261373e+01
   2.8816005e+01   2.6503573e+01
   2.8830061e+01   3.2696441e+01
   2.8843805e+01   2.7902039e+01
   2.8857439e+01   2.9890855e+01
   2.8871130e+01   2.6268827e+01
   2.8883363e+01   2.9080360e+01
   2.8896262e+01   2.8554422e+01
   2.8909803e+01   2.8436313e+01
   2.8923943e+01   3.2492384e+01
   2.8938614e+01   2.8264666e+01
   2.8953731e+01   3.1932298e+01
   2.8968914e+01   2.7132609e+01
   2.8984384e+01   2.8445729e+01
   2.9000000e+01   2.8781510e+01
   2.9015616e+01   2.7889733e+01
   2.9031086e+01   3.2487954e+01
   2.9046269e+01   3.0076168e+01
   2.9061031e+01   2.7828110e+01
   2.9075250e+01   2.8104844e+01
   2.9088817e+01   2.4757361e+01
   2.9101641e+01   3.2392413e+01
   2.9113651e+01   2.5266034e+01
   2.9124792e+01   2.9890121e+01
   2.9135031e+01   2.7907613e+01
   2.9144352e+01   2.7143165e+01
   2.9152758e+01   3.3257283e+01
   2.9160268e+01   2.6590450e+01
   2.9166915e+01   3.0662377e+01
   2.9172742e+01   2.5942217e+01
   2.9177803e+01   2.9443943e+01
   2.9182157e+01   3.0843492e+01
   2.9185867e+01   2.9584666e+01
   2.9188998e+01   3.0280531e+01
   2.9191617e+01   2.6969936e+01
   2.9193786e+01   3.1450947e+01
   2.9195565e+01   3.0538769e+01
   2.9197011e+01   2.9613956e+01
   2.9197900e+01   2.9124758e+01
   2.9218816e+01   2.7886476e+01
   2.9245196e+01   3.3371432e+01
   2.9278292e+01   2.6681851e+01
   2.9319527e+01   2.8420442e+01
   2.9370212e+01   2.7035438e+01
   2.9432430e+01   3.0688645e+01
   2.9508044e+01   3.0738474e+01
   2.9604340e+01   2.6929758e+01
   2.9719512e+01   3.0248889e+01
   2.9855925e+01   2.9388813e+01
   3.0015936e+01   3.1541266e+01
   3.0201816e+01   3.3563312e+01
   3.0415671e+01   2.9546225e+01
   3.0659345e+01   3.5502597e+01
   3.0934335e+01   2.8759153e+01
   3.1241697e+01   3.2519518e+01
   3.1581965e+01   2.9916776e+01
   3.1955076e+01   3.1943587e+01
   3.2360316e+01   3.3105974e+01
   3.2796285e+01   3.0499500e+01
   3.3260885e+01   3.8205254e+01
   3.3751336e+01   3.1270861e+01
   3.4264218e+01   3.6970906e+01
   3.4795539e+01   3.3497926e+01
   3.5340829e+01   3.5166330e+01
   3.5895254e+01   4.4060363e+01
   3.6453745e+01   3.4354372e+01
   3.7011140e+01   3.6996700e+01
   3.7562323e+01   3.5738439e+01
   3.8102367e+01   3.8710766e+01
   3.8626666e+01   4.0267065e+01
   3.9131045e+01   3.6272718e+01
   3.9611861e+01   4.2072586e+01
   4.0066073e+01   3.7894666e+01
   4.0491290e+01   4.1992899e+01
   4.0885790e+01   4.2407875e+01
   4.1248518e+01   4.2566962e+01
   4.1579060e+01   5.0212733e+01
   4.1877594e+01   4.1887113e+01
   4.2144829e+01   4.6337797e+01
   4.2381933e+01   3.8249342e+01
   4.2590448e+01   4.2562627e+01
   4.2772208e+01   4.1001913e+01
   4.2929253e+01   5.1005310e+01
   4.3063755e+01   4.6061306e+01
   4.3177942e+01   4.0721126e+01
   4.3274034e+01   4.4583138e+01
   4.3354191e+01   4.2085455e+01
   4.3420472e+01   4.2389882e+01
   4.3474800e+01   4.5058416e+01
   4.3518941e+01   4.2631055e+01
   4.3538839e+01   4.4903601e+01
   4.3555213e+01   4.1991479e+01
   4.3568551e+01   4.2764280e+01
   4.3579309e+01   4.1540676e+01
   4.3587899e+01   4.0472222e+01
   4.3594691e+01   4.4911191e+01
   4.3600006e+01   4.0774915e+01
   4.3600006e+01   4.8051506e+01
   4.3600006e+01   4.4096475e+01
   4.3600006e+01   4.2579257e+01
   4.3600006e+01   4.5123389e+01
   4.3600006e+01   4.3991175e+01
   4.3600006e+01   4.3645734e+01
   4.3600006e+01   4.2608146e+01
   4.3600006e+01   4.3359997e+01
   4.3600006e+01   4.2315845e+01
   4.3600006e+01   4.1397657e+01
   4.3600006e+01   4.7719326e+01
   4.3600006e+01   4.0623662e+01
   4.3600006e+01   4.5475565e+01
   4.3600006e+01   4.7244959e+01
   4.3600006e+01   4.3422353e+01
   4.3600006e+01   4.1422081e+01
   4.3600006e+01   4.2575674e+01
   4.3600006e+01   5.5078281e+01
   4.3600006e+01   3.9246254e+01
   4.3600006e+01   4.5656457e+01
   4.3600006e+01   4.3428971e+01
   4.3600006e+01   4.2851535e+01
   4.3600006e+01   4.4767537e+01
   4.3600006e+01   3.9536994e+01
   4.3600006e+01   4.5547152e+01
   4.3600006e+01   4.2070080e+01
   4.3600006e+01   4.6396413e+01
   4.3600006e+01   4.2594750e+01
   4.3600006e+01   4.4943878e+01
   4.3600006e+01   4.7672102e+01
   4.3600006e+01   4.8402043e+01
   4.3600006e+01   4.7321415e+01
   4.3600006e+01   3.9702483e+01
   4.3600006e+01   4.2280555e+01
   4.3600006e+01   4.3005812e+01
   4.3600006e+01   3.9531645e+01
   4.3600006e+01   4.4508371e+01
   4.3600006e+01   4.2672578e+01
   4.3600006e+01   4.3691248e+01
   4.3600006e+01   4.3339392e+01
   4.3600006e+01   4.0794458e+01
   4.3600006e+01   4.6422235e+01
   4.3600006e+01   3.9670061e+01
   4.3600006e+01   4.8262007e+01
   4.3600006e+01   4.3187926e+01
   4.3600006e+01   4.5464603e+01
   4.3600006e+01   4.4591414e+01
   4.3600006e+01   4.3222663e+01
   4.3600006e+01   4.8175959e+01
   4.3600006e+01   3.8771165e+01
   4.3600006e+01   4.5158873e+01
   4.3600006e+01   4.4209610e+01
   4.3600006e+01   4.1784163e+01
   4.3600006e+01   5.3354869e+01
   4.3600006e+01   4.1201199e+01
   4.3600006e+01   4.7506327e+01
   4.3600006e+01   4.3547086e+01
   4.3600006e+01   4.6152962e+01
   4.3600006e+01   4.1173535e+01
   4.3600006e+01   4.1382909e+01
   4.3600006e+01   4.2929461e+01
   4.3600006e+01   4.3122424e+01
   4.3600006e+01   4.3695599e+01
   4.3600006e+01   4.1966808e+01
   4.3600006e+01   4.5052881e+01
   4.3600006e+01   4.3214838e+01
   4.3600006e+01   4.0993182e+01
   4.3600006e+01   4.5330841e+01
   4.3600006e+01   3.9558430e+01
   4.3600006e+01   4.7007140e+01
   4.3600006e+01   5.1274426e+01
   4.3600006e+01   4.1763555e+01
   4.3600006e+01   4.3967341e+01
   4.3600006e+01   3.9850593e+01
   4.3600006e+01   4.8326239e+01
   4.3600006e+01   3.9943811e+01
   4.3600006e+01   4.4115364e+01
   4.3600006e+01   4.1165899e+01
   4.3600006e+01   4.1473787e+01
   4.3600006e+01   4.7550284e+01
   4.3600006e+01   3.9782872e+01
   4.3600006e+01   4.4773360e+01
   4.3600006e+01   4.0979228e+01
   4.3600006e+01   4.3902052e+01
   4.3600006e+01   5.0949932e+01
   4.3600006e+01   4.7784834e+01
   4.3600006e+01   4.8379531e+01
   4.3600006e+01   3.8960823e+01
   4.3600006e+01   4.7935480e+01
   4.3600006e+01   4.4379634e+01
   4.3600006e+01   4.2333854e+01
   4.3600006e+01   4.5737080e+01
   4.3600006e+01   3.9435528e+01
   4.3600006e+01   4.5911610e+01
   4.3600006e+01   4.3187219e+01
   4.3600006e+01   4.6674382e+01
   4.3600006e+01   4.3236691e+01
   4.3600006e+01   4.1238485e+01
   4.3600006e+01   4.7322447e+01
   4.3600006e+01   4.1912080e+01
   4.3600006e+01   4.5495470e+01
   4.3600006e+01   4.0927971e+01
   4.3600006e+01   4.6405953e+01
   4.3600006e+01   4.5038691e+01
   4.3600006e+01   4.2343703e+01
   4.3600006e+01   4.6900763e+01
   4.3600006e+01   3.9395802e+01
   4.3600006e+01   4.6047233e+01
   4.3600006e+01   4.0805216e+01
   4.3600006e+01   4.2264432e+01
   4.3600006e+01   4.7227317e+01
   4.3600006e+01   4.3534748e+01
   4.3600006e+01   4.6694846e+01
   4.3600006e+01   4.3763038e+01
   4.3600006e+01   4.2824326e+01
   4.3600006e+01   4.1488538e+01
   4.3600006e+01   4.1243105e+01
   4.3600006e+01   4.8318940e+01
   4.3600006e+01   3.9892899e+01
   4.3600006e+01   4.6307087e+01
   4.3600006e+01   4.1697896e+01
   4.3600006e+01   4.3592824e+01
   4.3600006e+01   4.6737570e+01
   4.3600006e+01   4.0001037e+01
   4.3600006e+01   4.7688972e+01
   4.3600006e+01   4.3799639e+01
   4.3600006e+01   4.2555063e+01
   4.3600006e+01   4.2802165e+01
   4.3600006e+01   4.1328495e+01
   4.3600006e+01   4.3689944e+01
   4.3600006e+01   4.0393865e+01
   4.3600006e+01   4.7469367e+01
   4.3600006e+01   4.0811643e+01
   4.3600006e+01   4.4615089e+01
   4.3600006e+01   4.5378665e+01
   4.3600006e+01   4.1114299e+01
   4.3600006e+01   4.4352472e+01
   4.3600006e+01   3.8783793e+01
   4.3600006e+01   4.5962313e+01
   4.3600006e+01   4.0581577e+01
   4.3600006e+01   4.5375012e+01
   4.3600006e+01   4.3361640e+01
   4.3600006e+01   4.3635824e+01
   4.3600006e+01   4.3630741e+01
   4.3600006e+01   4.3123542e+01
   4.3600006e+01   4.6154116e+01
   4.3600006e+01   4.5525784e+01
   4.3600006e+01   4.1156619e+01
   4.3600006e+01   4.7618052e+01
   4.3600006e+01   4.3294993e+01
   4.3600006e+01   4.3580360e+01
   4.3600006e+01   4.1906894e+01
   4.3600006e+01   4.1430251e+01
   4.3600006e+01   4.4913973e+01
   4.3600006e+01   3.9344616e+01
   4.3600006e+01   4.6556305e+01
   4.3600006e+01   5.1035422e+01
   4.3600006e+01   4.5867968e+01
   4.3600006e+01   4.1650631e+01
   4.3600006e+01   4.5081742e+01
   4.3600006e+01   5.3282424e+01
   4.3600006e+01   4.3228812e+01
   4.3600006e+01   4.7578326e+01
   4.3600006e+01   4.0436510e+01
   4.3600006e+01   4.5195764e+01
   4.3600006e+01   4.1964484e+01
   4.3600006e+01   4.1990763e+01
   4.3600006e+01   4.4304217e+01
   4.3600006e+01   3.9966297e+01
   4.3600006e+01   4.3678734e+01
   4.3600006e+01   4.0130928e+01
   4.3600006e+01   4.4884477e+01
   4.3600006e+01   4.6082751e+01
   4.3600006e+01   3.9387747e+01
   4.3600006e+01   4.4955928e+01
   4.3600006e+01   4.1955415e+01
   4.3600006e+01   4.5625877e+01
   4.3600006e+01   4.4629375e+01
   4.3600006e+01   4.2408412e+01
   4.3600006e+01   4.4183657e+01
   4.3600006e+01   4.1907116e+01
   4.3600006e+01   4.7150288e+01
   4.3600006e+01   4.3382994e+01
   4.3600006e+01   4.5587570e+01
   4.3600006e+01   4.2911188e+01
   4.3600006e+01   3.9434601e+01
   4.3600006e+01   4.7584173e+01
   4.3600006e+01   3.8692290e+01
   4.3600006e+01   4.4864607e+01
   4.3600006e+01   4.4879372e+01
   4.3600006e+01   4.4618751e+01
   4.3600006e+01   4.6560677e+01
   4.3600006e+01   4.2500841e+01
   4.3600006e+01   4.7952703e+01
   4.3600006e+01   3.9003489e+01
   4.3600006e+01   4.3742453e+01
   4.3600006e+01   4.4122070e+01
   4.3600006e+01   4.1449620e+01
   4.3600006e+01   4.5046929e+01
   4.3600006e+01   3.8991559e+01
   4.3600006e+01   4.8271327e+01
   4.3600006e+01   4.3480754e+01
   4.3600006e+01   4.2148137e+01
   4.3600006e+01   4.2994829e+01
   4.3600006e+01   4.2617920e+01
   4.3600006e+01   5.2386784e+01
   4.3600006e+01   4.1974157e+01
   4.3600006e+01   4.7502064e+01
   4.3600006e+01   4.5376671e+01
   4.3600006e+01   4.2872970e+01
   4.3600006e+01   4.4812209e+01
   4.3600006e+01   4.1759234e+01
   4.3600006e+01   4.4442606e+01
   4.3600006e+01   4.2512266e+01
   4.3600006e+01   4.5999654e+01
   4.3600006e+01   4.4042360e+01
   4.3600006e+01   5.0948192e+01
   4.3600006e+01   4.3935684e+01
   4.3600006e+01   4.9641505e+01
   4.3600006e+01   4.7241949e+01
   4.3600006e+01   4.3280586e+01
   4.3600006e+01   4.1789321e+01
   4.3600006e+01   4.4130652e+01
   4.3600006e+01   4.2488602e+01
   4.3600006e+01   4.4735609e+01
   4.3600006e+01   3.9570209e+01
   4.3600006e+01   4.4594214e+01
   4.3600006e+01   4.3707921e+01
   4.3600006e+01   4.1298686e+01
   4.3600006e+01   4.5794885e+01
   4.3600006e+01   3.9467233e+01
   4.3600006e+01   4.6696812e+01
   4.3600006e+01   4.2494046e+01
   4.3600006e+01   4.2261542e+01
   4.3600006e+01   4.4224794e+01
   4.3600006e+01   4.4218897e+01
   4.3608157e+01   4.7256448e+01
   4.3618570e+01   4.2586976e+01
   4.3631742e+01   4.6001048e+01
   4.3648237e+01   4.1277899e+01
   4.3668689e+01   4.1239010e+01
   4.3693795e+01   4.4070453e+01
   4.3724306e+01   4.0775531e+01
   4.3761017e+01   4.3915708e+01
   4.3804749e+01   4.1097063e+01
   4.3856326e+01   4.5256351e+01
   4.3916551e+01   4.4285437e+01
   4.3986173e+01   4.4857934e+01
   4.4065859e+01   4.4858459e+01
   4.4156154e+01   4.0603828e+01
   4.4257453e+01   4.5527792e+01
   4.4369968e+01   4.3444958e+01
   4.4493696e+01   4.2449260e+01
   4.4628400e+01   4.7092986e+01
   4.4773596e+01   4.1423087e+01
   4.4928543e+01   4.9613879e+01
   4.5092251e+01   4.5017316e+01
   4.5263494e+01   4.8095511e+01
   4.5440837e+01   4.4528616e+01
   4.5622669e+01   4.6244898e+01
   4.5807249e+01   4.8309752e+01
   4.5992754e+01   4.3960181e+01
   4.6177334e+01   4.7372278e+01
   4.6359166e+01   4.5831690e+01
   4.6536509e+01   4.6243153e+01
   4.6707752e+01   4.9089968e+01
   4.6871460e+01   4.5054439e+01
   4.7026407e+01   4.7181889e+01
   4.7171603e+01   4.4676884e+01
   4.7306307e+01   5.1049858e+01
   4.7430035e+01   4.4866697e+01
   4.7542550e+01   4.7563138e+01
   4.7643849e+01   4.6699099e+01
   4.7734145e+01   4.4611939e+01
   4.7813830e+01   5.0050570e+01
   4.7883452e+01   4.6427795e+01
   4.7943677e+01   5.0066546e+01
   4.7995254e+01   4.5255235e+01
   4.8038986e+01   4.9083642e+01
   4.8075697e+01   5.0382200e+01
   4.8106208e+01   4.7858403e+01
   4.8131314e+01   5.2362769e+01
   4.8151766e+01   4.6696524e+01
   4.8174994e+01   4.8394553e+01
   4.8196768e+01   5.0840245e+01
   4.8218063e+01   4.4164782e+01
   4.8239840e+01   4.8269775e+01
   4.8256735e+01   4.5031940e+01
   4.8277475e+01   4.9281305e+01
   4.8302679e+01   4.6510114e+01
   4.8333006e+01   4.5808535e+01
   4.8369133e+01   4.8986486e+01
   4.8411740e+01   4.5115101e+01
   4.8461491e+01   5.2109924e+01
   4.8519006e+01   4.5143270e+01
   4.8584833e+01   5.1776319e+01
   4.8659424e+01   5.0451213e+01
   4.8743107e+01   4.5217435e+01
   4.8836054e+01   5.0663533e+01
   4.8938264e+01   4.8534353e+01
   4.9049542e+01   5.0007717e+01
   4.9169487e+01   4.6595989e+01
   4.9297487e+01   5.1493173e+01
   4.9432725e+01   5.0879103e+01
   4.9574187e+01   4.9582273e+01
   4.9720687e+01   4.9840311e+01
   4.9870897e+01   4.7392634e+01
   5.0023376e+01   5.2694657e+01
   5.0176620e+01   4.8939208e+01
   5.0329100e+01   5.0664276e+01
   5.0479310e+01   5.1984003e+01
   5.0625810e+01   4.9487366e+01
   5.0767272e+01   5.1612683e+01
   5.0902510e+01   4.9188138e+01
   5.1030510e+01   5.1991327e+01
   5.1150455e+01   5.2892531e+01
   5.1261733e+01   5.0859239e+01
   5.1363943e+01   5.4791960e+01
   5.1456890e+01   5.0033631e+01
   5.1540572e+01   5.4439448e+01
   5.1615164e+01   4.8082503e+01
   5.1680991e+01   4.9906696e+01
   5.1738506e+01   5.5258410e+01
   5.1788257e+01   4.9550319e+01
   5.1830864e+01   5.1724374e+01
   5.1866991e+01   5.0428330e+01
   5.1897318e+01   5.3045273e+01
   5.1922522e+01   4.9860726e+01
   5.1943262e+01   5.0821713e+01
   5.1960157e+01   5.4603187e+01
   5.1973783e+01   4.7629510e+01
   5.1984665e+01   5.3066411e+01
   5.1993267e+01   4.9694846e+01
   5.2000000e+01   5.1751750e+01
   5.2000000e+01   5.1021167e+01
   5.2000000e+01   4.9497101e+01
   5.2000000e+01   5.4513904e+01
   5.2000000e+01   5.1131084e+01
   5.2000000e+01   5.5091295e+01
   5.2000000e+01   5.0110560e+01
   5.2000000e+01   5.0065667e+01
   5.2000000e+01   5.4071577e+01
   5.2000000e+01   4.9094828e+01
   5.2000000e+01   5.5262658e+01
   5.2000000e+01   4.9005464e+01
   5.2000000e+01   5.4584502e+01
   5.2000000e+01   5.2383482e+01
   5.2000000e+01   5.0649076e+01
   5.2000000e+01   5.4919117e+01
   5.2000000e+01   5.0223560e+01
   5.2000000e+01   5.6416195e+01
   5.2000000e+01   4.9689446e+01
   5.2000000e+01   5.3607328e+01
   5.2000000e+01   5.4971480e+01
   5.2000000e+01   4.8903959e+01
   5.2000000e+01   5.4423506e+01
   5.2000000e+01   5.0054389e+01
   5.2000000e+01   5.5929786e+01
   5.2000000e+01   5.0267719e+01
   5.2000000e+01   5.2754026e+01
   5.2000000e+01   5.3376409e+01
   5.2000000e+01   4.8596775e+01
   5.2000000e+01   5.9961504e+01
   5.2000000e+01   5.1582230e+01
   5.2000000e+01   5.0461033e+01
   5.2000000e+01   5.4744850e+01
   5.2000000e+01   5.2255308e+01
   5.2000000e+01   5.6729788e+01
   5.2000000e+01   4.7578141e+01
   5.2000000e+01   5.1998470e+01
   5.2000000e+01   5.0323853e+01
